  lambda       6528gla    6529gla    6530gla    6531gla    6532gla   6529glaSPMO
% absorb(nm)  --------   --------   --------   --------   --------   -----------
     190      0.834431   0.888688   0.831407   0.887095   0.816013           nan
     191      0.841796   0.868298   0.843216   0.889882   0.815444           nan
     192      0.822906   0.839522   0.856161   0.900542   0.817872           nan
     193      0.842300   0.859889   0.875959   0.915623   0.829870           nan
     194      0.857633   0.840320   0.853326   0.907101   0.832433           nan
     195      0.842107   0.830133   0.870144   0.916268   0.849629           nan
     196      0.845003   0.844800   0.866121   0.885240   0.833969           nan
     197      0.848455   0.844965   0.880497   0.900011   0.845668           nan
     198      0.859322   0.857099   0.868748   0.902297   0.850364           nan
     199      0.856784   0.872403   0.877421   0.920155   0.857439           nan
     200      0.869660   0.862729   0.888164   0.928050   0.867961           nan
     201      0.879162   0.873401   0.900370   0.934157   0.873332           nan
     202      0.884430   0.868660   0.904743   0.933127   0.881968           nan
     203      0.886727   0.889487   0.920972   0.955464   0.896915           nan
     204      0.898737   0.888753   0.917220   0.957436   0.899227           nan
     205      0.902772   0.896415   0.931297   0.965038   0.906421           nan
     206      0.913711   0.902954   0.932872   0.970475   0.910257           nan
     207      0.916396   0.901197   0.940711   0.972092   0.912427           nan
     208      0.925897   0.913023   0.945287   0.986807   0.919160           nan
     209      0.929786   0.923851   0.953459   0.993807   0.926654           nan
     210      0.943339   0.923736   0.961550   0.999169   0.928163           nan
     211      0.943581   0.930629   0.963579   1.004980   0.935152           nan
     212      0.953488   0.933895   0.978076   1.009690   0.943106           nan
     213      0.957069   0.935801   0.976827   1.012350   0.942322           nan
     214      0.957671   0.940591   0.985650   1.019520   0.946947           nan
     215      0.961623   0.944438   0.983351   1.022710   0.951275           nan
     216      0.966105   0.957028   0.990383   1.026210   0.951678           nan
     217      0.971232   0.959463   0.991788   1.033200   0.952795           nan
     218      0.973959   0.963416   0.996682   1.037000   0.955935           nan
     219      0.976681   0.964955   1.003250   1.042730   0.960970           nan
     220      0.978347   0.971322   1.007020   1.041870   0.959499           nan
     221      0.985239   0.978036   1.009060   1.049500   0.959168           nan
     222      0.989281   0.983108   1.016230   1.054920   0.966146           nan
     223      0.991657   0.986552   1.014810   1.053690   0.967872           nan
     224      0.995731   0.991276   1.020880   1.062530   0.971492           nan
     225      1.000360   0.993063   1.027550   1.069050   0.976913           nan
     226      1.003050   1.000410   1.028320   1.069290   0.977513           nan
     227      1.004910   1.001520   1.036100   1.077080   0.981333           nan
     228      1.011210   1.005360   1.035810   1.082150   0.985600           nan
     229      1.014770   1.007200   1.039770   1.088010   0.990339           nan
     230      1.019010   1.007640   1.043780   1.090910   0.994778           nan
     231      1.020030   1.014220   1.046780   1.092620   0.996880           nan
     232      1.022990   1.017210   1.049100   1.095560   1.000150           nan
     233      1.027890   1.017810   1.055390   1.102660   1.005650           nan
     234      1.031260   1.022960   1.059080   1.106190   1.007160           nan
     235      1.034230   1.026700   1.066190   1.113040   1.013110           nan
     236      1.038510   1.029610   1.065020   1.115240   1.016480           nan
     237      1.041060   1.029520   1.074210   1.119990   1.021170           nan
     238      1.049070   1.031590   1.077730   1.119840   1.024530           nan
     239      1.050850   1.034730   1.084810   1.124740   1.030050           nan
     240      1.054390   1.033650   1.088080   1.126150   1.029430           nan
     241      1.053770   1.034580   1.089220   1.124190   1.037020           nan
     242      1.059880   1.035900   1.093230   1.127020   1.039110           nan
     243      1.057090   1.038680   1.095900   1.129720   1.040870           nan
     244      1.062090   1.038550   1.099730   1.129670   1.044500           nan
     245      1.064910   1.040010   1.103410   1.130080   1.044070           nan
     246      1.064820   1.039540   1.105100   1.127720   1.040630           nan
     247      1.065690   1.042750   1.109300   1.128920   1.049340           nan
     248      1.068730   1.040990   1.114150   1.127300   1.046150           nan
     249      1.069470   1.039390   1.114410   1.127830   1.048840           nan
     250      1.069680   1.036900   1.119960   1.126280   1.048240           nan
     251      1.067820   1.036800   1.119970   1.127610   1.045520           nan
     252      1.067930   1.034750   1.124380   1.123340   1.046250           nan
     253      1.066110   1.036300   1.122330   1.119280   1.042290           nan
     254      1.070090   1.034060   1.126510   1.116460   1.042030           nan
     255      1.066650   1.031940   1.128490   1.115070   1.040290           nan
     256      1.065010   1.028860   1.131790   1.113730   1.041970           nan
     257      1.065470   1.026820   1.131470   1.113790   1.035770           nan
     258      1.065420   1.026630   1.132480   1.109760   1.032360           nan
     259      1.062530   1.020410   1.135310   1.112170   1.029660           nan
     260      1.063780   1.019950   1.138810   1.113120   1.029800           nan
     261      1.064950   1.015480   1.137710   1.109450   1.028530           nan
     262      1.064160   1.016210   1.139000   1.109870   1.022470           nan
     263      1.063500   1.012010   1.143370   1.111770   1.021510           nan
     264      1.065810   1.008770   1.142610   1.113120   1.021930           nan
     265      1.065490   1.009930   1.143330   1.113890   1.018700           nan
     266      1.065940   1.006220   1.143800   1.116110   1.016610           nan
     267      1.063830   1.002040   1.148460   1.121970   1.017300           nan
     268      1.063730   1.000630   1.149330   1.117060   1.014100           nan
     269      1.065230   0.999317   1.148700   1.119090   1.012270           nan
     270      1.064120   0.994377   1.147480   1.122100   1.009420           nan
     271      1.062060   0.993771   1.148970   1.122720   1.008540           nan
     272      1.064350   0.992725   1.150760   1.126180   1.009090           nan
     273      1.064820   0.986380   1.150640   1.122590   1.007430           nan
     274      1.064470   0.985208   1.150430   1.125080   1.003050           nan
     275      1.063550   0.987644   1.152050   1.128810   1.005990           nan
     276      1.065430   0.984618   1.152740   1.127580   1.001780           nan
     277      1.064750   0.983907   1.155280   1.130990   1.001970           nan
     278      1.067480   0.981941   1.153950   1.135800   1.001600           nan
     279      1.065740   0.982286   1.157210   1.135710   1.001870           nan
     280      1.064330   0.980408   1.156860   1.135690   0.998293           nan
     281      1.062090   0.978818   1.157350   1.137810   1.001760           nan
     282      1.064010   0.977687   1.159650   1.139890   1.000730           nan
     283      1.064310   0.978651   1.157780   1.142070   0.998254           nan
     284      1.064920   0.975273   1.157540   1.139530   0.994855           nan
     285      1.063940   0.978729   1.159500   1.140270   0.994677           nan
     286      1.065210   0.974788   1.160770   1.146030   0.998355           nan
     287      1.064810   0.973462   1.163010   1.145080   0.993564           nan
     288      1.063180   0.974453   1.160500   1.146670   0.993105           nan
     289      1.063940   0.970238   1.162340   1.146040   0.991215           nan
     290      1.066280   0.971997   1.162300   1.149740   0.989634           nan
     291      1.062520   0.971707   1.164430   1.149500   0.990412           nan
     292      1.063080   0.969123   1.164490   1.152520   0.987365           nan
     293      1.062400   0.967948   1.164770   1.152630   0.986156           nan
     294      1.064140   0.968665   1.165730   1.156150   0.987557           nan
     295      1.063670   0.969233   1.164630   1.155900   0.982126           nan
     296      1.063800   0.969261   1.168950   1.157670   0.983350           nan
     297      1.062030   0.965947   1.169200   1.155580   0.979302           nan
     298      1.059410   0.967151   1.169100   1.157090   0.977237           nan
     299      1.059540   0.966097   1.167950   1.160220   0.976395           nan
     300      1.059490   0.962474   1.172290   1.158770   0.973854           nan
     301      1.059780   0.962916   1.172330   1.161350   0.970884           nan
     302      1.061330   0.960978   1.172860   1.164010   0.968499           nan
     303      1.061670   0.959867   1.171800   1.164380   0.965452           nan
     304      1.059030   0.956589   1.172890   1.164620   0.965967           nan
     305      1.059010   0.953564   1.175940   1.168630   0.960708           nan
     306      1.056380   0.955467   1.178150   1.169070   0.957864           nan
     307      1.056220   0.953234   1.177870   1.170530   0.955494           nan
     308      1.058450   0.952358   1.177540   1.168090   0.953700           nan
     309      1.048860   0.949904   1.184230   1.165510   0.933972           nan
     310      1.045370   0.953785   1.186960   1.171110   0.933440           nan
     311      1.045420   0.951969   1.190360   1.171340   0.930120           nan
     312      1.047270   0.949429   1.188260   1.168470   0.926144           nan
     313      1.048170   0.949200   1.188230   1.171390   0.924576           nan
     314      1.047070   0.946407   1.191730   1.174030   0.920976           nan
     315      1.044880   0.945852   1.191850   1.175510   0.916708           nan
     316      1.043670   0.943030   1.190640   1.174690   0.911195           nan
     317      1.044720   0.941068   1.192400   1.177400   0.907255           nan
     318      1.044760   0.940307   1.193590   1.178850   0.901348           nan
     319      1.045840   0.937991   1.195400   1.179310   0.898948           nan
     320      1.043850   0.935568   1.196770   1.181140   0.895383           nan
     321      1.043970   0.934893   1.196050   1.181030   0.890206           nan
     322      1.043410   0.932768   1.195580   1.182660   0.887498           nan
     323      1.043690   0.932028   1.196850   1.184750   0.882725           nan
     324      1.041850   0.928594   1.198640   1.185880   0.878755           nan
     325      1.042700   0.925870   1.200440   1.185660   0.875218           nan
     326      1.042290   0.925877   1.201070   1.187110   0.870798           nan
     327      1.043490   0.923894   1.200620   1.188650   0.865493           nan
     328      1.038840   0.920675   1.203760   1.191680   0.864425           nan
     329      1.039690   0.919969   1.203510   1.191300   0.859660           nan
     330      1.040660   0.916261   1.202580   1.192420   0.856013           nan
     331      1.039130   0.913884   1.204610   1.193240   0.851431           nan
     332      1.039120   0.910999   1.205210   1.193060   0.849248           nan
     333      1.037730   0.908607   1.207440   1.195290   0.844097           nan
     334      1.037160   0.905188   1.207480   1.196660   0.840464           nan
     335      1.038250   0.905186   1.207580   1.197100   0.836039           nan
     336      1.036610   0.902861   1.208180   1.197570   0.833854           nan
     337      1.034750   0.899490   1.209400   1.198260   0.829500           nan
     338      1.036180   0.898171   1.210230   1.199190   0.825065           nan
     339      1.035190   0.894785   1.210840   1.200410   0.821908           nan
     340      1.034730   0.891794   1.213160   1.201630   0.817840           nan
     341      1.033190   0.888606   1.211160   1.201020   0.812685           nan
     342      1.033160   0.886847   1.213140   1.203050   0.809072           nan
     343      1.032400   0.882850   1.213310   1.202140   0.806119           nan
     344      1.030730   0.880190   1.214600   1.204240   0.802668           nan
     345      1.031740   0.878017   1.214930   1.203820   0.798664           nan
     346      1.031300   0.875970   1.215750   1.204410   0.795167           nan
     347      1.028790   0.872186   1.217410   1.206400   0.793213           nan
     348      1.028500   0.870856   1.216400   1.205310   0.786935           nan
     349      1.028490   0.868100   1.217090   1.205180   0.783737           nan
     350      1.027640   0.864170   1.219430   1.206960   0.781250           nan
     351      1.026540   0.861503   1.219260   1.207700   0.778093           nan
     352      1.026220   0.858390   1.218520   1.206220   0.773137           nan
     353      1.025130   0.856377   1.218400   1.208810   0.770006           nan
     354      1.024890   0.853993   1.219620   1.207400   0.765931           nan
     355      1.023130   0.849887   1.220500   1.207010   0.762930           nan
     356      1.021610   0.848914   1.220290   1.208080   0.759207           nan
     357      1.022250   0.844108   1.221250   1.209110   0.754403           nan
     358      1.020730   0.841307   1.221690   1.207500   0.750222           nan
     359      1.019580   0.838657   1.222420   1.207770   0.746167           nan
     360      1.019560   0.835487   1.222710   1.208970   0.742431           nan
     361      1.018050   0.832508   1.223640   1.208910   0.739197           nan
     362      1.016840   0.830909   1.224410   1.209660   0.735838           nan
     363      1.015970   0.827907   1.223760   1.207750   0.731619           nan
     364      1.014830   0.824507   1.224520   1.207950   0.727797           nan
     365      1.014540   0.821495   1.224400   1.207610   0.723425           nan
     366      1.013410   0.818757   1.224510   1.207160   0.719635           nan
     367      1.011570   0.815919   1.225660   1.206790   0.715577           nan
     368      1.010250   0.812078   1.225850   1.208130   0.712043           nan
     369      1.008380   0.809946   1.226930   1.205600   0.708582           nan
     370      1.005700   0.806090   1.227230   1.204890   0.703722           nan
     371      1.004260   0.803112   1.227240   1.203780   0.699276           nan
     372      1.003240   0.799852   1.227420   1.203130   0.694712           nan
     373      1.000010   0.797105   1.227180   1.202500   0.690601           nan
     374      0.998380   0.794550   1.227650   1.202290   0.686070           nan
     375      0.997957   0.791507   1.227830   1.202740   0.681568           nan
     376      0.995884   0.788937   1.227440   1.200880   0.677328           nan
     377      0.995248   0.785317   1.227220   1.200080   0.672955           nan
     378      0.993213   0.781807   1.228270   1.199090   0.668351           nan
     379      0.990531   0.778472   1.228550   1.198130   0.663433           nan
     380      0.988955   0.776151   1.229470   1.197240   0.658977     0.0737404
     381      0.985927   0.772361   1.230060   1.196730   0.653959     0.0705082
     382      0.983973   0.769282   1.229170   1.194800   0.648605     0.0704942
     383      0.981909   0.765692   1.229360   1.194150   0.645100     0.0784514
     384      0.978632   0.761262   1.230210   1.191920   0.640178     0.0766402
     385      0.976952   0.757113   1.228940   1.190730   0.635205     0.0862870
     386      0.973644   0.753911   1.228640   1.188300   0.630792     0.0768273
     387      0.970495   0.750164   1.230160   1.187630   0.626910     0.0884730
     388      0.968362   0.746307   1.229070   1.184640   0.621733     0.0913993
     389      0.965597   0.742555   1.228870   1.183280   0.616792     0.1105410
     390      0.963449   0.739479   1.229810   1.182380   0.612424     0.1191220
     391      0.960677   0.735221   1.229780   1.179880   0.607781     0.1253840
     392      0.957088   0.732248   1.229730   1.178070   0.602949     0.1404540
     393      0.954615   0.729005   1.229740   1.175940   0.598743     0.1620330
     394      0.951739   0.725001   1.229530   1.174420   0.594114     0.1761680
     395      0.948267   0.720833   1.229880   1.171940   0.589404     0.2007040
     396      0.946378   0.718647   1.229340   1.168960   0.584192     0.2309280
     397      0.942189   0.714337   1.229630   1.167070   0.579857     0.2257310
     398      0.939418   0.710582   1.230580   1.164550   0.573945     0.2589110
     399      0.935869   0.706704   1.230230   1.161900   0.569869     0.2856020
     400      0.933253   0.702864   1.230170   1.160200   0.564852     0.3020670
     401      0.929891   0.700313   1.230250   1.156620   0.560310     0.3223120
     402      0.925697   0.696823   1.230060   1.154570   0.556311     0.3380640
     403      0.923107   0.694386   1.230070   1.152730   0.552416     0.3568080
     404      0.919540   0.691287   1.230730   1.149520   0.547862     0.3680420
     405      0.916313   0.687433   1.230130   1.146550   0.543517     0.3841110
     406      0.912528   0.684986   1.230780   1.143970   0.539244     0.4031860
     407      0.908760   0.682330   1.230670   1.140630   0.534446     0.4061140
     408      0.905680   0.679207   1.229540   1.136810   0.529675     0.4190580
     409      0.901651   0.676854   1.230850   1.134530   0.526092     0.4259700
     410      0.898335   0.672858   1.230850   1.131300   0.521806     0.4389670
     411      0.893459   0.670276   1.230020   1.128050   0.517774     0.4447940
     412      0.889961   0.666923   1.230360   1.124980   0.513638     0.4517950
     413      0.886703   0.664274   1.230660   1.121210   0.510199     0.4622600
     414      0.882282   0.661723   1.230640   1.117780   0.505429     0.4721700
     415      0.879088   0.658479   1.231180   1.114660   0.501568     0.4731570
     416      0.875784   0.656013   1.231350   1.111540   0.498018     0.4822270
     417      0.871554   0.654402   1.230960   1.107590   0.493895     0.4850160
     418      0.867248   0.651313   1.231400   1.103670   0.489869     0.4916720
     419      0.862808   0.648999   1.232080   1.100490   0.485966     0.4954610
     420      0.857971   0.645435   1.232330   1.096380   0.481822     0.5019350
     421      0.854091   0.643763   1.231910   1.092190   0.477076     0.5062460
     422      0.849270   0.641323   1.231520   1.088230   0.473728     0.5126290
     423      0.844361   0.637870   1.231390   1.084310   0.470219     0.5101650
     424      0.839954   0.635828   1.232050   1.080560   0.466843     0.5156140
     425      0.835023   0.633035   1.231560   1.076400   0.463183     0.5181600
     426      0.830553   0.631240   1.231830   1.072690   0.459654     0.5151810
     427      0.825354   0.628895   1.232290   1.067990   0.455954     0.5155050
     428      0.820978   0.626652   1.232120   1.064500   0.453216     0.5129120
     429      0.816560   0.624108   1.232520   1.060590   0.449984     0.5175510
     430      0.812046   0.623269   1.232170   1.057010   0.446624     0.5162300
     431      0.807556   0.620122   1.232690   1.053500   0.443360     0.5136260
     432      0.803212   0.618732   1.232270   1.049630   0.440411     0.5185220
     433      0.799714   0.616709   1.232920   1.046820   0.438050     0.5149130
     434      0.794494   0.614993   1.232420   1.044220   0.435322     0.5165440
     435      0.790461   0.613312   1.232240   1.040360   0.432489     0.5201180
     436      0.785909   0.610917   1.232610   1.037250   0.429299     0.5183840
     437      0.781478   0.609909   1.232590   1.034120   0.426682     0.5184490
     438      0.777062   0.606947   1.232920   1.031130   0.424422     0.5229690
     439      0.773518   0.605930   1.232580   1.029280   0.421729     0.5238230
     440      0.769110   0.604465   1.232980   1.026470   0.419277     0.5243960
     441      0.764919   0.602223   1.232710   1.024520   0.417588     0.5249080
     442      0.762212   0.601187   1.233410   1.022450   0.415606     0.5263460
     443      0.758475   0.599505   1.233230   1.020530   0.413622     0.5275460
     444      0.754616   0.598893   1.233050   1.018040   0.411323     0.5275270
     445      0.751323   0.596684   1.234020   1.015580   0.409844     0.5296030
     446      0.747951   0.594843   1.233190   1.014260   0.408192     0.5304250
     447      0.744151   0.593022   1.232920   1.011560   0.406204     0.5315680
     448      0.741542   0.591976   1.233560   1.009500   0.404761     0.5306820
     449      0.737832   0.590115   1.232920   1.006720   0.402957     0.5335730
     450      0.734592   0.588709   1.233910   1.004500   0.401566     0.5316580
     451      0.731318   0.587306   1.233770   1.000930   0.399002     0.5365610
     452      0.728111   0.586283   1.234020   0.998552   0.397400     0.5350310
     453      0.725036   0.584093   1.233910   0.995845   0.396108     0.5352140
     454      0.721783   0.583145   1.234260   0.993185   0.394848     0.5391360
     455      0.719022   0.581914   1.234550   0.990280   0.392659     0.5379950
     456      0.716937   0.580421   1.234130   0.988018   0.391663     0.5387930
     457      0.714101   0.578529   1.234550   0.984435   0.390179     0.5402630
     458      0.710777   0.577058   1.234730   0.981148   0.388423     0.5379440
     459      0.707679   0.575278   1.235300   0.977812   0.387374     0.5383270
     460      0.704601   0.573091   1.235110   0.973700   0.385233     0.5390140
     461      0.701653   0.573048   1.235190   0.970256   0.384147     0.5363230
     462      0.698713   0.571085   1.235900   0.966606   0.382998     0.5375250
     463      0.694885   0.569653   1.236490   0.963169   0.381732     0.5383200
     464      0.691750   0.568021   1.236020   0.959015   0.379914     0.5383130
     465      0.689348   0.567319   1.236180   0.955091   0.378456     0.5338940
     466      0.685730   0.565946   1.236990   0.951578   0.377616     0.5354610
     467      0.682275   0.564509   1.235920   0.947149   0.375811     0.5330060
     468      0.678573   0.563939   1.236620   0.943074   0.374466     0.5354300
     469      0.675806   0.562871   1.236930   0.939667   0.373470     0.5311430
     470      0.672730   0.562000   1.236110   0.935252   0.371927     0.5321790
     471      0.669644   0.561255   1.236460   0.931258   0.370439     0.5344310
     472      0.666537   0.560101   1.236750   0.927751   0.369973     0.5316220
     473      0.663470   0.559918   1.236860   0.923590   0.367986     0.5335720
     474      0.661005   0.558879   1.236160   0.919350   0.366552     0.5329170
     475      0.657960   0.558716   1.236770   0.915802   0.365731     0.5291250
     476      0.654832   0.558238   1.236240   0.911716   0.364137     0.5326390
     477      0.651211   0.557342   1.236910   0.907326   0.363031     0.5332470
     478      0.647576   0.556926   1.237080   0.903388   0.362173     0.5336630
     479      0.644533   0.556474   1.236640   0.899258   0.360450     0.5338600
     480      0.641315   0.556702   1.236540   0.895707   0.359786     0.5347000
     481      0.638759   0.556067   1.236390   0.891217   0.357873     0.5347960
     482      0.635635   0.555873   1.236340   0.888078   0.357182     0.5368600
     483      0.632873   0.556309   1.236990   0.884013   0.356386     0.5373700
     484      0.629885   0.555367   1.236490   0.879810   0.354422     0.5399460
     485      0.627275   0.555083   1.236230   0.875805   0.353718     0.5389300
     486      0.623984   0.554808   1.236530   0.872032   0.352283     0.5441530
     487      0.621656   0.555152   1.236160   0.868003   0.350799     0.5432010
     488      0.618319   0.554393   1.235950   0.863910   0.350294     0.5464110
     489      0.615466   0.555054   1.236340   0.860380   0.349432     0.5465340
     490      0.612478   0.554611   1.236310   0.856103   0.348478     0.5483610
     491      0.609865   0.554892   1.236600   0.852408   0.347668     0.5474340
     492      0.606576   0.554468   1.235930   0.847744   0.346193     0.5454780
     493      0.604049   0.554438   1.236160   0.843783   0.345201     0.5496720
     494      0.600944   0.553888   1.236600   0.840223   0.344681     0.5503840
     495      0.598743   0.554842   1.236190   0.835730   0.343460     0.5478520
     496      0.596942   0.553805   1.235750   0.833012   0.342669     0.5492280
     497      0.594118   0.553686   1.235060   0.827941   0.341233     0.5499340
     498      0.591083   0.553935   1.235930   0.823873   0.340453     0.5505090
     499      0.588335   0.554000   1.235250   0.819722   0.339227     0.5504720
     500      0.585595   0.553745   1.234480   0.815129   0.338168     0.5521450
     501      0.583087   0.553540   1.234650   0.810306   0.337033     0.5524640
     502      0.580195   0.553728   1.234620   0.806365   0.336070     0.5520940
     503      0.577627   0.553688   1.233990   0.802240   0.335323     0.5534880
     504      0.574965   0.553674   1.234280   0.797790   0.334362     0.5539580
     505      0.572738   0.554650   1.233600   0.793387   0.333177     0.5550890
     506      0.570634   0.554137   1.233320   0.789139   0.332318     0.5566750
     507      0.567723   0.554378   1.233320   0.785143   0.331414     0.5571520
     508      0.565317   0.555111   1.231880   0.780732   0.330136     0.5581780
     509      0.563123   0.555099   1.232200   0.777105   0.329755     0.5588170
     510      0.560987   0.555774   1.232280   0.773115   0.328808     0.5616880
     511      0.558641   0.556277   1.231850   0.769504   0.328459     0.5615080
     512      0.556717   0.556277   1.231290   0.765627   0.327496     0.5601060
     513      0.555047   0.556287   1.231420   0.761374   0.325999     0.5608660
     514      0.553198   0.557065   1.230950   0.758367   0.325850     0.5624370
     515      0.551483   0.557268   1.230700   0.754415   0.325000     0.5653950
     516      0.549560   0.556790   1.230560   0.750770   0.324281     0.5625650
     517      0.547666   0.557291   1.230180   0.746513   0.323118     0.5621520
     518      0.545635   0.557006   1.230030   0.742916   0.322496     0.5661370
     519      0.543935   0.557627   1.230320   0.739460   0.322024     0.5664030
     520      0.542069   0.557836   1.229890   0.735784   0.321476     0.5665050
     521      0.540951   0.557811   1.229250   0.732790   0.320773     0.5648730
     522      0.539139   0.558467   1.228860   0.729553   0.319632     0.5670450
     523      0.537453   0.558129   1.228610   0.725823   0.319131     0.5626360
     524      0.536483   0.558855   1.227690   0.722429   0.318129     0.5626410
     525      0.534824   0.558705   1.228270   0.719671   0.317896     0.5637930
     526      0.533807   0.558381   1.227640   0.716861   0.317627     0.5613470
     527      0.532670   0.557344   1.227130   0.713143   0.316785     0.5573570
     528      0.531198   0.557770   1.226420   0.709735   0.315909     0.5559700
     529      0.529810   0.557284   1.226140   0.707035   0.315276     0.5561300
     530      0.528905   0.556898   1.225350   0.703398   0.314398     0.5553560
     531      0.527376   0.556080   1.224870   0.700377   0.314072     0.5572760
     532      0.526348   0.555444   1.223910   0.697306   0.313613     0.5558510
     533      0.525594   0.554484   1.223030   0.694266   0.312453     0.5561730
     534      0.524344   0.553479   1.222680   0.691336   0.312132     0.5552990
     535      0.523088   0.553338   1.222190   0.689352   0.312015     0.5558250
     536      0.522833   0.552059   1.221210   0.686020   0.310752     0.5552500
     537      0.521914   0.550941   1.220490   0.683137   0.309993     0.5550660
     538      0.521261   0.549345   1.219710   0.680237   0.309417     0.5503160
     539      0.520570   0.548470   1.218570   0.677390   0.308678     0.5505400
     540      0.518895   0.545873   1.216760   0.673951   0.307768     0.5491250
     541      0.518697   0.544054   1.215780   0.671544   0.306949     0.5474320
     542      0.518021   0.542876   1.215230   0.668561   0.306651     0.5471950
     543      0.517479   0.540491   1.213670   0.665847   0.306124     0.5433080
     544      0.517534   0.538921   1.213530   0.663609   0.305590     0.5404200
     545      0.516778   0.536758   1.211760   0.660449   0.305022     0.5378270
     546      0.516549   0.535323   1.211130   0.658168   0.304542     0.5355740
     547      0.516052   0.533493   1.209620   0.655451   0.303403     0.5358120
     548      0.515792   0.532187   1.208780   0.652703   0.302966     0.5305990
     549      0.515752   0.529568   1.208190   0.650400   0.302817     0.5305570
     550      0.515467   0.527709   1.206700   0.647687   0.301643     0.5297990
     551      0.515477   0.526082   1.206100   0.645842   0.301990     0.5274080
     552      0.515900   0.524439   1.204920   0.643325   0.300905     0.5251480
     553      0.515698   0.523138   1.203500   0.640584   0.300151     0.5221720
     554      0.515798   0.521854   1.202930   0.638504   0.299780     0.5222910
     555      0.516138   0.521062   1.201700   0.636044   0.299470     0.5215460
     556      0.516368   0.519894   1.200210   0.633316   0.298236     0.5221290
     557      0.517028   0.519715   1.198680   0.630591   0.298018     0.5188820
     558      0.517285   0.518924   1.197570   0.628218   0.297272     0.5182820
     559      0.517980   0.519097   1.196140   0.625722   0.296210     0.5184520
     560      0.518310   0.519055   1.195490   0.623548   0.295655     0.5172320
     561      0.518965   0.519175   1.194190   0.620963   0.294964     0.5194660
     562      0.519649   0.519551   1.193750   0.618740   0.294551     0.5206040
     563      0.520267   0.520185   1.191290   0.615877   0.293121     0.5205920
     564      0.520406   0.521136   1.190890   0.613899   0.293306     0.5215030
     565      0.521597   0.522388   1.189190   0.611612   0.292580     0.5234350
     566      0.521533   0.523605   1.188890   0.609519   0.292212     0.5239980
     567      0.522450   0.524955   1.187140   0.607402   0.291649     0.5260000
     568      0.523431   0.526999   1.185940   0.605005   0.290805     0.5275980
     569      0.524542   0.528307   1.183980   0.602889   0.290538     0.5300410
     570      0.525410   0.530811   1.183100   0.600819   0.290192     0.5351630
     571      0.526875   0.532731   1.182020   0.598798   0.289474     0.5392460
     572      0.527250   0.535277   1.180470   0.596319   0.288824     0.5421720
     573      0.528370   0.537585   1.178890   0.593978   0.288579     0.5430590
     574      0.530318   0.540510   1.177910   0.591792   0.287971     0.5465730
     575      0.531126   0.541578   1.177270   0.590484   0.287666     0.5492030
     576      0.531968   0.544572   1.175770   0.588122   0.286884     0.5523170
     577      0.533373   0.547550   1.174410   0.586403   0.286276     0.5559420
     578      0.534479   0.550426   1.173010   0.584346   0.285510     0.5606050
     579      0.536055   0.553183   1.171740   0.582151   0.285088     0.5641830
     580      0.537394   0.556109   1.169750   0.579986   0.284688     0.5680680
     581      0.538888   0.559465   1.168980   0.578295   0.284155     0.5714780
     582      0.540409   0.562103   1.167150   0.575882   0.283831     0.5755520
     583      0.541787   0.565613   1.165870   0.574247   0.283480     0.5789210
     584      0.543746   0.568371   1.163680   0.571265   0.281785     0.5850520
     585      0.545258   0.571328   1.163530   0.570150   0.282099     0.5867960
     586      0.546918   0.574085   1.161600   0.568453   0.281443     0.5917780
     587      0.548207   0.576952   1.160350   0.566304   0.280748     0.5962990
     588      0.550440   0.578431   1.158830   0.565307   0.280624     0.6033630
     589      0.551664   0.580631   1.157330   0.562840   0.279802     0.6050570
     590      0.553584   0.583029   1.155830   0.561576   0.279804     0.6056000
     591      0.555224   0.584303   1.154540   0.560041   0.279249     0.6045970
     592      0.556915   0.585439   1.152900   0.558203   0.278392     0.6081580
     593      0.558039   0.586596   1.152180   0.556584   0.278323     0.6061870
     594      0.560406   0.587701   1.150600   0.555409   0.277772     0.6076280
     595      0.562360   0.588538   1.148850   0.553657   0.277563     0.6084700
     596      0.564414   0.589515   1.147120   0.552123   0.276860     0.6086640
     597      0.565757   0.589058   1.145670   0.550557   0.276699     0.6096690
     598      0.567351   0.589323   1.144080   0.548907   0.276054     0.6075210
     599      0.569351   0.589112   1.143440   0.547779   0.275760     0.6083910
     600      0.570596   0.588855   1.141300   0.546259   0.275560     0.6080460
     601      0.572635   0.588561   1.139960   0.545076   0.274571     0.6067590
     602      0.574266   0.588539   1.138850   0.544063   0.274843     0.6093870
     603      0.576016   0.587693   1.137800   0.542691   0.274749     0.6087300
     604      0.577804   0.587725   1.135670   0.541345   0.274162     0.6077040
     605      0.580186   0.586903   1.134360   0.540254   0.273754     0.6062510
     606      0.581273   0.586686   1.132670   0.538826   0.273368     0.6067320
     607      0.583405   0.586124   1.131320   0.537877   0.273266     0.6039200
     608      0.585187   0.585866   1.129990   0.536443   0.272937     0.6006350
     609      0.587216   0.585736   1.128310   0.535100   0.272112     0.6001970
     610      0.588844   0.584542   1.126510   0.533562   0.271657     0.5983430
     611      0.590473   0.584184   1.124690   0.532346   0.270980     0.6003050
     612      0.592421   0.583848   1.123750   0.531814   0.271557     0.5976880
     613      0.594446   0.583668   1.122100   0.529962   0.271043     0.5963880
     614      0.596214   0.583065   1.120610   0.528984   0.270433     0.5947400
     615      0.597335   0.582914   1.119580   0.528277   0.270690     0.5950410
     616      0.599123   0.582194   1.117880   0.527183   0.270222     0.5959240
     617      0.600950   0.581247   1.116860   0.526534   0.270395     0.5936020
     618      0.603469   0.582192   1.115240   0.525756   0.270326     0.5936180
     619      0.605300   0.581253   1.113610   0.524406   0.269936     0.5929640
     620      0.607126   0.580763   1.111980   0.523421   0.269579     0.5951560
     621      0.609126   0.580572   1.110550   0.522348   0.269636     0.5913840
     622      0.611062   0.580650   1.109190   0.521566   0.269241     0.5894800
     623      0.613179   0.580285   1.107950   0.520224   0.269355     0.5882220
     624      0.615201   0.580365   1.105480   0.519078   0.268624     0.5911540
     625      0.616989   0.580380   1.104260   0.518759   0.269340     0.5905440
     626      0.618515   0.580826   1.103000   0.517481   0.268815     0.5888890
     627      0.620719   0.580018   1.101770   0.516682   0.268994     0.5893590
     628      0.622431   0.580521   1.100000   0.515450   0.268328     0.5880040
     629      0.624542   0.581287   1.097540   0.514393   0.267555     0.5878710
     630      0.626601   0.581427   1.096950   0.514148   0.268084     0.5886410
     631      0.628318   0.581552   1.094770   0.512480   0.267468     0.5880690
     632      0.630222   0.582142   1.093000   0.511634   0.267790     0.5890040
     633      0.631545   0.583091   1.092100   0.511062   0.267681     0.5904590
     634      0.633612   0.583563   1.090450   0.510324   0.267791     0.5880980
     635      0.635662   0.584268   1.088710   0.508942   0.267576     0.5870080
     636      0.636692   0.584449   1.087050   0.508229   0.267320     0.5878230
     637      0.638513   0.585552   1.085410   0.507573   0.267385     0.5870460
     638      0.640692   0.586311   1.083370   0.506589   0.267088     0.5884800
     639      0.641814   0.586812   1.082760   0.505880   0.267478     0.5873410
     640      0.643314   0.587983   1.080980   0.505360   0.267158     0.5858350
     641      0.644716   0.588491   1.079290   0.504522   0.267316     0.5858710
     642      0.646591   0.588879   1.077190   0.503212   0.266587     0.5845580
     643      0.648125   0.589369   1.075560   0.502257   0.266379     0.5839690
     644      0.649388   0.589841   1.074140   0.501528   0.266257     0.5806170
     645      0.651117   0.590711   1.072350   0.500793   0.266259     0.5787670
     646      0.652233   0.591156   1.070650   0.500217   0.266543     0.5765610
     647      0.654077   0.591451   1.069300   0.499535   0.266221     0.5705400
     648      0.655982   0.591692   1.067990   0.499185   0.266536     0.5691660
     649      0.656718   0.592388   1.065890   0.497976   0.266636     0.5650880
     650      0.658365   0.592432   1.064040   0.497370   0.266668     0.5580920
     651      0.659961   0.591948   1.062120   0.496052   0.266008     0.5513920
     652      0.660959   0.592163   1.061020   0.495666   0.266123     0.5464050
     653      0.662562   0.592110   1.058740   0.494412   0.266316     0.5428330
     654      0.663761   0.591613   1.056620   0.493692   0.266017     0.5370260
     655      0.664747   0.591858   1.055350   0.493344   0.265755     0.5303320
     656      0.665702   0.591465   1.053930   0.492555   0.265903     0.5275730
     657      0.667250   0.590831   1.051870   0.491495   0.265940     0.5202430
     658      0.669068   0.590883   1.049690   0.489808   0.265226     0.5082730
     659      0.670222   0.588953   1.047740   0.489832   0.265531     0.4989970
     660      0.671869   0.588412   1.045510   0.488823   0.265203     0.4882060
     661      0.672755   0.587865   1.043500   0.487783   0.265493     0.4770590
     662      0.673932   0.586734   1.041600   0.487139   0.265246     0.4661930
     663      0.676011   0.585003   1.039370   0.486086   0.265021     0.4607100
     664      0.677036   0.583333   1.038050   0.485736   0.265502     0.4459480
     665      0.678041   0.582379   1.035640   0.484365   0.264713     0.4320650
     666      0.679397   0.580055   1.033450   0.483438   0.264627     0.4241810
     667      0.680142   0.578660   1.031430   0.482738   0.264713     0.4057390
     668      0.681650   0.576635   1.029260   0.481716   0.264543     0.3971030
     669      0.682961   0.574227   1.026260   0.480607   0.263762     0.3886110
     670      0.683795   0.572258   1.025050   0.480090   0.264048     0.3792500
     671      0.685057   0.568767   1.022890   0.479083   0.263751     0.3766120
     672      0.686255   0.565743   1.020570   0.478404   0.263534     0.3683030
     673      0.687648   0.562895   1.018310   0.477478   0.263124     0.3659020
     674      0.688397   0.560576   1.016530   0.476771   0.263173     0.3634450
     675      0.689964   0.556493   1.015390   0.476527   0.263565     0.3565820
     676      0.691031   0.552589   1.013510   0.475785   0.263741     0.3565300
     677      0.692521   0.549068   1.011890   0.475358   0.263674     0.3535260
     678      0.693580   0.545396   1.010390   0.475201   0.263846     0.3447110
     679      0.694382   0.541650   1.008670   0.474431   0.263976     0.3309300
     680      0.695603   0.537237   1.006990   0.473683   0.264055     0.3131740
     681      0.696626   0.532893   1.005730   0.473694   0.264173     0.2904520
     682      0.697732   0.528212   1.004070   0.472728   0.263993     0.2798030
     683      0.698529   0.523574   1.002820   0.472493   0.264305     0.2575530
     684      0.699593   0.518637   1.000430   0.471351   0.263516     0.2448690
     685      0.700911   0.513918   0.998949   0.471041   0.263828     0.2316670
     686      0.701837   0.508887   0.997201   0.470160   0.263962     0.2205220
     687      0.702344   0.502397   0.995367   0.469699   0.263687     0.2069130
     688      0.703212   0.497225   0.993813   0.468954   0.263472     0.2025450
     689      0.704097   0.490924   0.991850   0.468063   0.263265     0.1863660
     690      0.705192   0.485598   0.990006   0.467604   0.262915     0.1740470
     691      0.706297   0.479519   0.989097   0.466997   0.262964     0.1662180
     692      0.707153   0.473813   0.986985   0.466615   0.263070     0.1525430
     693      0.708359   0.467061   0.985659   0.465972   0.262831     0.1445190
     694      0.708818   0.461524   0.983444   0.464995   0.262473     0.1451720
     695      0.709273   0.457442   0.982444   0.464897   0.263057     0.1406060
     696      0.710416   0.452363   0.981621   0.465082   0.263603     0.1390240
     697      0.710652   0.446681   0.979958   0.464347   0.263163     0.1276460
     698      0.711825   0.440198   0.977841   0.463759   0.263066     0.1165670
     699      0.712850   0.434719   0.976495   0.463551   0.263142     0.1154320
     700      0.713531   0.428796   0.974867   0.462462   0.263189     0.1054630
     701      0.714458   0.423519   0.973377   0.462309   0.263099     0.1122280
     702      0.715163   0.418122   0.971407   0.461383   0.262849     0.1002390
     703      0.716492   0.412625   0.970210   0.461447   0.263069     0.1056720
     704      0.716559   0.408486   0.969208   0.460897   0.263314     0.1010250
     705      0.717956   0.403692   0.966274   0.459817   0.262510     0.0840062
     706      0.718299   0.398917   0.965552   0.459585   0.262735     0.0923459
     707      0.719164   0.395243   0.963605   0.459215   0.262703     0.0910938
     708      0.719840   0.390737   0.961835   0.458232   0.262553     0.0844350
     709      0.720565   0.387246   0.961186   0.458092   0.262963     0.0849726
     710      0.721384   0.383676   0.959224   0.457848   0.262553     0.0799765
     711      0.721810   0.379953   0.957845   0.457061   0.262509     0.0846620
     712      0.722639   0.377284   0.955971   0.456743   0.262336     0.0722320
     713      0.723308   0.374194   0.954905   0.456273   0.262488     0.0727949
     714      0.723928   0.371495   0.953417   0.455958   0.262578     0.0745043
     715      0.723928   0.368340   0.952043   0.455837   0.262862     0.0727343
     716      0.724817   0.365894   0.950390   0.454934   0.262749     0.0723127
     717      0.725278   0.362922   0.948851   0.454696   0.262649     0.0715624
     718      0.725770   0.361091   0.946992   0.454050   0.262398     0.0632683
     719      0.726173   0.358707   0.946122   0.453853   0.262324     0.0622610
     720      0.726937   0.357598   0.944929   0.453668   0.262507     0.0686067
     721      0.727118   0.355629   0.943708   0.453636   0.262538     0.0687327
     722      0.727821   0.353892   0.942079   0.452960   0.262352     0.0664286
     723      0.728300   0.352081   0.940564   0.452291   0.262236     0.0576603
     724      0.728676   0.351187   0.939628   0.451855   0.262316     0.0735416
     725      0.729459   0.350233   0.937640   0.451457   0.261864     0.0628153
     726      0.729823   0.348479   0.936789   0.451658   0.262355     0.0697619
     727      0.730130   0.347453   0.935193   0.451477   0.262601     0.0613259
     728      0.730757   0.345998   0.933726   0.450701   0.262347     0.0594884
     729      0.731057   0.345282   0.932174   0.450408   0.262513     0.0552754
     730      0.731569   0.344381   0.931028   0.450603   0.262664     0.0658904
     731      0.731617   0.343618   0.929089   0.449656   0.262219     0.0606433
     732      0.732375   0.342114   0.928264   0.449810   0.262987     0.0717684
     733      0.732731   0.341807   0.926976   0.449354   0.263354     0.1202550
     734      0.732715   0.341360   0.925226   0.449247   0.262802     0.1190580
     735      0.733182   0.340522   0.923834   0.448284   0.262724     0.1141010
     736      0.733516   0.340301   0.922745   0.448529   0.262627     0.1016140
     737      0.733795   0.339711   0.921553   0.448182   0.262928     0.0761895
     738      0.734720   0.339168   0.920258   0.448121   0.263261     0.0526426
     739      0.734967   0.338505   0.918162   0.447288   0.262752     0.0492499
     740      0.734835   0.338113   0.917152   0.447173   0.263210     0.0532288
     741      0.735582   0.337789   0.915600   0.446514   0.263107     0.0481546
     742      0.735893   0.337671   0.913771   0.446267   0.263073     0.0569369
     743      0.736276   0.336652   0.912419   0.446267   0.263096     0.0575973
     744      0.736501   0.336304   0.911136   0.446173   0.263468     0.0606546
     745      0.736676   0.336239   0.909780   0.445306   0.263373     0.0688329
     746      0.737275   0.335868   0.908040   0.445211   0.263415     0.0593030
     747      0.736992   0.336003   0.906277   0.444870   0.263169     0.0588351
     748      0.737865   0.335782   0.905361   0.444701   0.263593     0.0564275
     749      0.738319   0.334968   0.903998   0.444978   0.263566     0.0553091
     750      0.738560   0.335694   0.902671   0.444407   0.263983     0.0654568
     751      0.738888   0.334809   0.900464   0.443606   0.263877           nan
     752      0.739348   0.335290   0.899781   0.443534   0.263839           nan
     753      0.739242   0.335186   0.898897   0.444091   0.264463           nan
     754      0.739974   0.334851   0.897192   0.443365   0.264002           nan
     755      0.739477   0.335186   0.895398   0.443013   0.264244           nan
     756      0.740220   0.334931   0.893538   0.442636   0.264040           nan
     757      0.740169   0.334388   0.892057   0.442259   0.264318           nan
     758      0.740294   0.334535   0.890729   0.442239   0.264640           nan
     759      0.740587   0.334250   0.889957   0.442340   0.264810           nan
     760      0.740589   0.334494   0.888551   0.441785   0.264780           nan
     761      0.740473   0.333977   0.886988   0.441596   0.264620           nan
     762      0.740673   0.334145   0.885609   0.441140   0.264576           nan
     763      0.740959   0.334971   0.885010   0.441585   0.265449           nan
     764      0.741636   0.334226   0.883775   0.441544   0.265461           nan
     765      0.741332   0.334491   0.882339   0.441519   0.265582           nan
     766      0.742026   0.334786   0.881071   0.441456   0.266023           nan
     767      0.741914   0.335015   0.878735   0.440510   0.265390           nan
     768      0.742219   0.335323   0.877797   0.440618   0.265772           nan
     769      0.742310   0.335297   0.876810   0.440147   0.265860           nan
     770      0.742068   0.335215   0.875654   0.440062   0.265871           nan
     771      0.742546   0.335604   0.873828   0.439459   0.265475           nan
     772      0.742478   0.334775   0.872384   0.439134   0.265878           nan
     773      0.742283   0.335260   0.871211   0.439718   0.266366           nan
     774      0.742375   0.335232   0.869953   0.438995   0.266450           nan
     775      0.742316   0.335102   0.868633   0.438538   0.266086           nan
     776      0.742840   0.335113   0.867807   0.439317   0.267023           nan
     777      0.743065   0.335456   0.866625   0.438917   0.266852           nan
     778      0.742460   0.335274   0.864776   0.438651   0.266519           nan
     779      0.742570   0.335395   0.863644   0.438104   0.266961           nan
     780      0.742721   0.335746   0.862683   0.438870   0.267522           nan
     781      0.742417   0.335559   0.860788   0.438134   0.267115           nan
     782      0.742587   0.335726   0.859414   0.437998   0.267378           nan
     783      0.742484   0.335551   0.857942   0.437396   0.267388           nan
     784      0.742939   0.335823   0.856701   0.437283   0.267607           nan
     785      0.743019   0.335462   0.855785   0.437813   0.267645           nan
     786      0.742846   0.335490   0.854649   0.437619   0.268027           nan
     787      0.743523   0.336288   0.853411   0.437128   0.267831           nan
     788      0.742946   0.335485   0.852348   0.437508   0.268566           nan
     789      0.743201   0.335735   0.849954   0.436861   0.267864           nan
     790      0.742914   0.335959   0.849231   0.437169   0.268505           nan
     791      0.742668   0.336075   0.848067   0.436827   0.268629           nan
     792      0.743170   0.335922   0.846729   0.436520   0.268828           nan
     793      0.742671   0.335419   0.845675   0.436362   0.268937           nan
     794      0.743242   0.335205   0.845101   0.436580   0.269367           nan
     795      0.743167   0.335534   0.843165   0.435887   0.269145           nan
     796      0.743108   0.336326   0.841890   0.435897   0.269293           nan
     797      0.743236   0.335787   0.840106   0.435603   0.269317           nan
     798      0.743048   0.335939   0.839260   0.435790   0.269485           nan
     799      0.743343   0.336340   0.838651   0.436051   0.270158           nan
     800      0.743287   0.335963   0.836645   0.435263   0.270041           nan
     801      0.742998   0.336318   0.835199   0.435466   0.269904           nan
     802      0.742778   0.335671   0.834458   0.435246   0.270256           nan
     803      0.742855   0.336248   0.832929   0.434892   0.270472           nan
     804      0.742881   0.335597   0.832130   0.435147   0.270725           nan
     805      0.742660   0.335898   0.831219   0.434765   0.270553           nan
     806      0.742547   0.335865   0.829709   0.434806   0.270984           nan
     807      0.742257   0.335789   0.829129   0.435002   0.271049           nan
     808      0.741918   0.335594   0.827233   0.434141   0.270982           nan
     809      0.741473   0.335747   0.826585   0.434691   0.271507           nan
     810      0.741690   0.335766   0.825321   0.434455   0.271553           nan
     811      0.741351   0.335432   0.823924   0.434232   0.271537           nan
     812      0.741286   0.335127   0.823526   0.434317   0.272340           nan
     813      0.741264   0.335366   0.822511   0.434332   0.272228           nan
     814      0.741123   0.335302   0.821307   0.434353   0.272594           nan
     815      0.740675   0.335212   0.820421   0.434051   0.272583           nan
     816      0.740638   0.334722   0.818597   0.433412   0.272084           nan
     817      0.740418   0.334919   0.818042   0.433591   0.272156           nan
     818      0.740307   0.335027   0.816674   0.433788   0.272802           nan
     819      0.739648   0.334782   0.815447   0.433218   0.272657           nan
     820      0.740385   0.335094   0.813982   0.433160   0.272618           nan
     821      0.739701   0.334934   0.813160   0.432852   0.272834           nan
     822      0.739810   0.334982   0.811334   0.432485   0.272787           nan
     823      0.739709   0.334967   0.810354   0.431906   0.272632           nan
     824      0.739830   0.334890   0.809465   0.432432   0.272749           nan
     825      0.739355   0.334613   0.807899   0.431789   0.272866           nan
     826      0.739117   0.334767   0.806517   0.431104   0.272418           nan
     827      0.738917   0.334716   0.806004   0.432132   0.273448           nan
     828      0.738029   0.333993   0.804952   0.432092   0.273333           nan
     829      0.737883   0.334754   0.804290   0.431565   0.273646           nan
     830      0.737497   0.334857   0.803191   0.432064   0.274323           nan
     831      0.738089   0.334144   0.801890   0.430820   0.273496           nan
     832      0.737498   0.334174   0.801337   0.431266   0.273987           nan
     833      0.737333   0.333845   0.799298   0.430690   0.273984           nan
     834      0.736564   0.333323   0.798924   0.431123   0.274176           nan
     835      0.735736   0.333531   0.798102   0.430689   0.274612           nan
     836      0.735282   0.332847   0.796081   0.430001   0.274201           nan
     837      0.735493   0.333223   0.794732   0.430079   0.274092           nan
     838      0.735150   0.332862   0.794442   0.430266   0.274576           nan
     839      0.734969   0.332204   0.793138   0.430216   0.274957           nan
     840      0.734727   0.332354   0.791812   0.429763   0.274648           nan
     841      0.733907   0.332175   0.791349   0.429259   0.274721           nan
     842      0.733396   0.331968   0.790280   0.429750   0.275543           nan
     843      0.733121   0.331875   0.788838   0.428928   0.275127           nan
     844      0.733365   0.331331   0.787220   0.428296   0.274703           nan
     845      0.732410   0.333155   0.786352   0.428131   0.274618           nan
     846      0.732194   0.332199   0.785455   0.428493   0.275222           nan
     847      0.732303   0.331235   0.784177   0.428340   0.275262           nan
     848      0.731664   0.331209   0.783670   0.427848   0.275864           nan
     849      0.731120   0.331529   0.782089   0.427760   0.275069           nan
     850      0.730837   0.330479   0.781172   0.426836   0.275524           nan
     851      0.730403   0.330764   0.779695   0.426649   0.275686           nan
     852      0.729588   0.330175   0.778655   0.427816   0.275813           nan
     853      0.728956   0.330315   0.777941   0.427166   0.276885           nan
     854      0.728464   0.329580   0.776279   0.426164   0.275926           nan
     855      0.728159   0.330782   0.775747   0.425447   0.275635           nan
     856      0.728249   0.329029   0.775822   0.427127   0.276204           nan
     857      0.727549   0.328443   0.773464   0.427033   0.276656           nan
     858      0.727116   0.329317   0.772030   0.425206   0.275969           nan
     859      0.726519   0.328375   0.771572   0.425607   0.275888           nan
     860      0.727063   0.328538   0.770570   0.427539   0.278211           nan
     861      0.724572   0.328672   0.767907   0.424896   0.276486           nan
     862      0.726022   0.328932   0.768663   0.424814   0.276549           nan
     863      0.724874   0.327595   0.767985   0.424958   0.276452           nan
     864      0.723811   0.326758   0.766547   0.424488   0.277181           nan
     865      0.723209   0.327707   0.763606   0.424822   0.276474           nan
     866      0.723436   0.327795   0.765378   0.424284   0.277167           nan
     867      0.723472   0.327092   0.764250   0.425420   0.279236           nan
     868      0.724023   0.326046   0.761527   0.424586   0.278129           nan
     869      0.722914   0.326605   0.762263   0.423300   0.278145           nan
     870      0.720957   0.326823   0.761411   0.423673   0.278487           nan
     871      0.721415   0.327018   0.756675   0.420991   0.277151           nan
     872      0.721765   0.325815   0.757097   0.422095   0.277952           nan
     873      0.721172   0.326190   0.759164   0.423443   0.280596           nan
     874      0.720624   0.326676   0.753994   0.421667   0.276314           nan
     875      0.718692   0.326282   0.754317   0.420947   0.277652           nan
     876      0.718733   0.326614   0.751794   0.421229   0.278493           nan
     877      0.718012   0.327898   0.753679   0.424151   0.278428           nan
     878      0.716316   0.324649   0.752363   0.420997   0.277583           nan
     879      0.719102   0.324094   0.751018   0.421687   0.279046           nan
     880      0.716736   0.324191   0.748663   0.418669   0.277328           nan
     881      0.714216   0.323129   0.747522   0.420060   0.277791           nan
     882      0.714030   0.324499   0.749225   0.421207   0.279468           nan
     883      0.716995   0.323101   0.747945   0.422064   0.278547           nan
     884      0.716201   0.321018   0.745774   0.420835   0.278301           nan
     885      0.713839   0.321212   0.745647   0.419718   0.277733           nan
     886      0.713804   0.321977   0.745988   0.420322   0.281921           nan
     887      0.715901   0.321025   0.745989   0.423152   0.279749           nan
     888      0.710484   0.323885   0.741950   0.417655   0.276659           nan
     889      0.714801   0.323332   0.743942   0.418269   0.279064           nan
     890      0.708906   0.321715   0.737226   0.416813   0.277913           nan
     891      0.709112   0.325030   0.742162   0.419971   0.281874           nan
     892      0.713568   0.323058   0.735738   0.416154   0.277411           nan
     893      0.712469   0.325210   0.739800   0.420792   0.279616           nan
     894      0.710605   0.321941   0.740445   0.421849   0.284108           nan
     895      0.710044   0.322654   0.744106   0.420903   0.283480           nan
     896      0.710932   0.324526   0.735693   0.419691   0.285246           nan
     897      0.704648   0.320630   0.735506   0.419326   0.282523           nan
     898      0.706762   0.323677   0.736493   0.420762   0.281172           nan
     899      0.708589   0.322427   0.732825   0.417336   0.277503           nan
     900      0.705641   0.322679   0.741106   0.422043   0.282359           nan
