  lambda        6528tc     6529tc     6530tc     6531tc     6532tc
% absorb(nm)  --------   --------   --------   --------   --------
     190      0.707021   0.752787   0.757280   0.681827   0.883930
     191      0.676850   0.717960   0.761352   0.678939   0.896064
     192      0.732023   0.759156   0.791582   0.696737   0.955533
     193      0.716505   0.739091   0.806948   0.684982   0.912040
     194      0.749805   0.763426   0.809920   0.696656   0.935276
     195      0.720313   0.747182   0.793229   0.686391   0.921363
     196      0.730517   0.772590   0.816503   0.696684   0.945388
     197      0.742744   0.791822   0.839532   0.719973   0.952122
     198      0.737811   0.788742   0.829680   0.711967   0.951548
     199      0.742323   0.786567   0.831705   0.709133   0.944451
     200      0.759883   0.794915   0.842851   0.716927   0.961685
     201      0.769672   0.803250   0.847309   0.728215   0.974303
     202      0.769267   0.806299   0.859631   0.734142   0.981998
     203      0.785561   0.822809   0.878456   0.743331   0.987657
     204      0.796936   0.830259   0.876839   0.754641   0.994122
     205      0.809488   0.838436   0.881927   0.765382   1.012450
     206      0.813965   0.843633   0.896297   0.769617   1.017440
     207      0.827096   0.857487   0.906893   0.784798   1.024400
     208      0.825974   0.866590   0.904590   0.781336   1.024290
     209      0.842220   0.872683   0.919439   0.789115   1.029030
     210      0.841913   0.877020   0.914593   0.795459   1.035090
     211      0.848579   0.877851   0.923032   0.796507   1.037710
     212      0.845458   0.877636   0.926109   0.792840   1.030640
     213      0.859249   0.887067   0.930082   0.800259   1.046560
     214      0.858707   0.894401   0.935755   0.806734   1.049370
     215      0.867659   0.897117   0.941793   0.809503   1.051020
     216      0.868061   0.901440   0.943897   0.810463   1.053870
     217      0.868597   0.902669   0.942925   0.808289   1.052590
     218      0.872634   0.905041   0.948101   0.815231   1.060890
     219      0.873160   0.908075   0.953333   0.816865   1.062680
     220      0.880263   0.909741   0.954864   0.817030   1.062290
     221      0.883404   0.910502   0.959147   0.815619   1.062100
     222      0.884455   0.917140   0.960350   0.817355   1.064950
     223      0.887946   0.916793   0.960297   0.819834   1.066800
     224      0.889732   0.919660   0.966658   0.820945   1.069390
     225      0.892968   0.924228   0.968066   0.824006   1.073760
     226      0.894096   0.923195   0.971855   0.827756   1.075450
     227      0.895841   0.928190   0.973485   0.831391   1.082390
     228      0.903259   0.936702   0.977720   0.838418   1.080620
     229      0.903180   0.937036   0.978196   0.833357   1.082600
     230      0.907871   0.940274   0.983297   0.840591   1.091920
     231      0.909135   0.940841   0.982317   0.837997   1.091010
     232      0.911011   0.942635   0.986523   0.843259   1.092690
     233      0.916241   0.947491   0.992460   0.851281   1.096740
     234      0.919358   0.952654   0.991892   0.853717   1.102880
     235      0.922762   0.953045   0.993964   0.856019   1.103550
     236      0.926776   0.958115   1.002120   0.860577   1.104790
     237      0.926531   0.960741   1.002540   0.861688   1.108510
     238      0.930952   0.964629   1.004030   0.866501   1.113160
     239      0.933529   0.968724   1.011180   0.873364   1.118820
     240      0.938962   0.970489   1.010180   0.875020   1.119740
     241      0.942013   0.971385   1.014270   0.880784   1.125160
     242      0.943002   0.975108   1.016540   0.884019   1.124050
     243      0.948072   0.982044   1.018130   0.887719   1.131380
     244      0.949710   0.981419   1.019370   0.889696   1.134100
     245      0.950560   0.984641   1.022310   0.891789   1.132870
     246      0.954728   0.986601   1.023180   0.894831   1.135770
     247      0.953050   0.987046   1.025730   0.898924   1.135480
     248      0.957144   0.987939   1.027350   0.901834   1.138820
     249      0.957784   0.991240   1.028650   0.902865   1.140140
     250      0.959944   0.990078   1.030700   0.904907   1.138710
     251      0.960735   0.993372   1.030060   0.906066   1.140900
     252      0.960513   0.996976   1.029380   0.910202   1.143510
     253      0.959421   0.995343   1.029730   0.906520   1.140470
     254      0.961497   0.994476   1.029450   0.909481   1.142650
     255      0.957777   0.994793   1.028600   0.908436   1.140170
     256      0.960221   0.996492   1.028620   0.910537   1.143950
     257      0.958604   0.995642   1.028460   0.908873   1.143640
     258      0.961000   0.999460   1.026440   0.911528   1.145440
     259      0.957052   0.996295   1.024790   0.909586   1.142800
     260      0.957019   0.993721   1.023180   0.910596   1.138900
     261      0.956865   0.995767   1.022820   0.912107   1.142590
     262      0.957548   0.997237   1.026520   0.915607   1.142790
     263      0.955509   0.993640   1.022120   0.911970   1.140420
     264      0.956392   0.993363   1.019370   0.913743   1.141760
     265      0.955119   0.992989   1.018910   0.911718   1.139680
     266      0.954565   0.992908   1.015410   0.911129   1.137090
     267      0.951495   0.990979   1.015480   0.909054   1.134400
     268      0.950245   0.990845   1.011230   0.911959   1.136090
     269      0.949839   0.987143   1.008160   0.907204   1.132560
     270      0.947032   0.985570   1.008760   0.905988   1.131980
     271      0.943838   0.986132   1.009130   0.902683   1.131660
     272      0.944493   0.984316   1.001710   0.903663   1.131260
     273      0.942458   0.980230   1.002020   0.902120   1.128920
     274      0.943030   0.984314   1.001520   0.904013   1.130800
     275      0.938525   0.980942   0.997447   0.901657   1.126360
     276      0.938842   0.980218   0.994622   0.898609   1.124710
     277      0.937357   0.976686   0.993697   0.897637   1.120660
     278      0.933525   0.977699   0.990139   0.897371   1.118570
     279      0.936327   0.978527   0.991239   0.897896   1.120280
     280      0.933431   0.973296   0.988597   0.895674   1.118370
     281      0.931495   0.969459   0.983581   0.892680   1.114600
     282      0.926530   0.968732   0.980975   0.890344   1.111040
     283      0.932324   0.970593   0.979918   0.892609   1.113920
     284      0.927047   0.971014   0.978037   0.890248   1.113340
     285      0.925397   0.968033   0.977581   0.889988   1.109230
     286      0.922142   0.966427   0.973223   0.888990   1.107000
     287      0.923904   0.964159   0.972762   0.887465   1.107640
     288      0.923807   0.963573   0.970324   0.887191   1.102300
     289      0.921445   0.965119   0.970346   0.885635   1.104570
     290      0.917135   0.961073   0.966591   0.883602   1.100120
     291      0.914006   0.961303   0.962257   0.883215   1.099040
     292      0.913347   0.957249   0.958539   0.881592   1.096200
     293      0.912118   0.955593   0.958650   0.880566   1.094560
     294      0.910525   0.952447   0.955104   0.875545   1.093150
     295      0.908972   0.954732   0.953652   0.879365   1.088970
     296      0.909566   0.954646   0.953493   0.877125   1.087390
     297      0.906398   0.950243   0.950780   0.874681   1.086710
     298      0.903145   0.948246   0.947066   0.874052   1.085260
     299      0.900853   0.949650   0.943296   0.875017   1.081350
     300      0.898856   0.947714   0.943031   0.871032   1.081480
     301      0.896067   0.944277   0.938558   0.870445   1.080890
     302      0.894080   0.941905   0.937044   0.870112   1.077480
     303      0.889451   0.941113   0.929590   0.864957   1.072500
     304      0.888271   0.938864   0.931155   0.863882   1.070190
     305      0.882699   0.938688   0.927379   0.864229   1.068070
     306      0.877858   0.935767   0.921156   0.861230   1.063020
     307      0.881261   0.935041   0.921623   0.861513   1.064150
     308      0.875726   0.933420   0.916668   0.857970   1.061400
     309      0.872498   0.932520   0.915747   0.858440   1.059810
     310      0.868190   0.934948   0.915454   0.860720   1.057050
     311      0.865706   0.934325   0.910266   0.859233   1.057210
     312      0.862508   0.931642   0.909405   0.856318   1.053960
     313      0.860642   0.931879   0.906819   0.854607   1.053220
     314      0.857886   0.927664   0.901917   0.854617   1.048750
     315      0.853971   0.927673   0.899388   0.852488   1.047350
     316      0.850425   0.924651   0.894897   0.853217   1.043950
     317      0.842975   0.922575   0.889259   0.849557   1.042960
     318      0.840184   0.919839   0.886964   0.849086   1.039140
     319      0.836052   0.917481   0.882767   0.845061   1.032470
     320      0.831144   0.916139   0.877284   0.844282   1.030450
     321      0.827391   0.913073   0.875886   0.841404   1.026700
     322      0.822624   0.909340   0.869376   0.840311   1.022400
     323      0.819164   0.909408   0.866036   0.839421   1.019430
     324      0.811853   0.905741   0.859821   0.836183   1.015440
     325      0.808889   0.901747   0.856395   0.835052   1.011180
     326      0.803554   0.898863   0.849864   0.831681   1.006560
     327      0.797465   0.895921   0.844445   0.829620   1.002030
     328      0.790768   0.892505   0.838523   0.826599   0.996598
     329      0.786829   0.889733   0.832761   0.823453   0.988220
     330      0.781315   0.886336   0.827728   0.822132   0.985241
     331      0.776221   0.883010   0.822056   0.820112   0.981516
     332      0.770994   0.881207   0.816607   0.818587   0.976934
     333      0.766923   0.876632   0.813016   0.816502   0.972218
     334      0.759729   0.873259   0.805367   0.812867   0.967277
     335      0.756747   0.871240   0.801602   0.811632   0.962476
     336      0.754268   0.868853   0.798331   0.810110   0.959383
     337      0.747197   0.865460   0.792091   0.808263   0.953574
     338      0.743197   0.863420   0.787585   0.806426   0.949483
     339      0.737582   0.859288   0.781226   0.802366   0.942764
     340      0.732735   0.856495   0.775934   0.800777   0.938207
     341      0.727517   0.854001   0.771317   0.798593   0.933397
     342      0.723727   0.851562   0.766948   0.797937   0.929088
     343      0.719536   0.848383   0.761977   0.795819   0.923573
     344      0.714413   0.845937   0.756380   0.792949   0.920061
     345      0.709573   0.842312   0.752153   0.790910   0.915652
     346      0.706488   0.839807   0.748332   0.790148   0.912139
     347      0.701192   0.836773   0.742769   0.787209   0.907799
     348      0.696322   0.833145   0.738167   0.784161   0.902186
     349      0.694255   0.832388   0.734909   0.784432   0.898012
     350      0.689153   0.829486   0.729884   0.782124   0.893316
     351      0.685236   0.826381   0.725342   0.780237   0.889253
     352      0.682121   0.824362   0.721746   0.778667   0.885171
     353      0.678954   0.823101   0.719581   0.776721   0.882712
     354      0.675879   0.821361   0.715379   0.775907   0.878100
     355      0.672205   0.817985   0.711504   0.774465   0.874877
     356      0.668305   0.816527   0.707168   0.772210   0.871144
     357      0.663825   0.813479   0.702658   0.770147   0.866560
     358      0.660255   0.810684   0.697813   0.768871   0.861852
     359      0.656380   0.807792   0.694212   0.765872   0.858517
     360      0.652872   0.806449   0.690924   0.766182   0.855538
     361      0.649841   0.804557   0.687000   0.763887   0.851317
     362      0.647131   0.801720   0.684170   0.762232   0.848851
     363      0.642864   0.798988   0.679556   0.760132   0.844213
     364      0.639711   0.796576   0.676930   0.758303   0.841125
     365      0.636570   0.795221   0.673172   0.756446   0.836962
     366      0.632950   0.791721   0.669287   0.754696   0.833572
     367      0.630287   0.790313   0.666072   0.752950   0.830137
     368      0.627616   0.787877   0.662755   0.751397   0.827610
     369      0.623811   0.785362   0.658819   0.748871   0.823191
     370      0.620451   0.782730   0.655740   0.747442   0.818929
     371      0.617704   0.780962   0.652295   0.745738   0.816281
     372      0.613964   0.777933   0.648735   0.743092   0.811495
     373      0.611507   0.775612   0.645100   0.741301   0.809570
     374      0.608283   0.773422   0.642007   0.740088   0.805386
     375      0.605149   0.771845   0.639105   0.737999   0.802685
     376      0.602971   0.769478   0.636585   0.736875   0.799814
     377      0.599024   0.766644   0.632586   0.733693   0.796249
     378      0.596323   0.764667   0.629548   0.731943   0.792749
     379      0.592948   0.762167   0.625192   0.729971   0.788990
     380      0.588938   0.758555   0.621044   0.727231   0.784843
     381      0.586110   0.756611   0.617685   0.725024   0.780938
     382      0.581834   0.752959   0.614037   0.721461   0.776514
     383      0.579928   0.750733   0.610611   0.720109   0.772591
     384      0.575822   0.747990   0.606312   0.717249   0.768891
     385      0.573040   0.745078   0.603333   0.714909   0.765616
     386      0.569755   0.742460   0.599599   0.713156   0.761538
     387      0.566981   0.740630   0.596264   0.710881   0.758697
     388      0.564254   0.737553   0.593369   0.708703   0.755238
     389      0.561558   0.735899   0.590065   0.706417   0.751493
     390      0.558062   0.732670   0.586478   0.704184   0.748262
     391      0.554460   0.729696   0.582353   0.701069   0.744537
     392      0.551918   0.727584   0.579961   0.699778   0.741330
     393      0.549853   0.725806   0.577358   0.697818   0.738312
     394      0.546712   0.722878   0.573667   0.694916   0.735151
     395      0.543884   0.720407   0.570373   0.693058   0.732228
     396      0.541316   0.718417   0.567877   0.691263   0.728861
     397      0.538378   0.715388   0.564099   0.688484   0.725882
     398      0.535484   0.713317   0.560871   0.686185   0.722313
     399      0.532848   0.710266   0.557798   0.683661   0.718941
     400      0.529930   0.708494   0.555108   0.681772   0.715883
     401      0.527662   0.706362   0.552030   0.679321   0.712883
     402      0.525201   0.703706   0.549683   0.677980   0.710662
     403      0.523213   0.702250   0.546996   0.676445   0.707985
     404      0.520565   0.699763   0.544079   0.673756   0.704963
     405      0.518376   0.698101   0.541164   0.672005   0.702173
     406      0.516130   0.695828   0.538970   0.669497   0.699617
     407      0.513973   0.692788   0.536267   0.667143   0.696308
     408      0.512300   0.692064   0.534652   0.665900   0.694906
     409      0.508979   0.688818   0.530686   0.662639   0.690919
     410      0.507554   0.686871   0.528989   0.661814   0.688569
     411      0.505050   0.684549   0.525639   0.658438   0.685328
     412      0.503201   0.682852   0.524181   0.657263   0.683870
     413      0.501156   0.681527   0.522087   0.655468   0.681242
     414      0.498886   0.678815   0.519495   0.653012   0.678462
     415      0.497691   0.677205   0.517714   0.651218   0.676644
     416      0.496435   0.675619   0.516394   0.650109   0.675529
     417      0.495011   0.674236   0.514575   0.648356   0.674304
     418      0.493733   0.672679   0.513288   0.646556   0.672721
     419      0.492745   0.671342   0.512174   0.645421   0.671438
     420      0.491325   0.669718   0.510284   0.642742   0.669226
     421      0.489450   0.667621   0.508626   0.640809   0.667648
     422      0.488737   0.666090   0.507545   0.638876   0.666476
     423      0.488129   0.664427   0.506513   0.637350   0.665455
     424      0.486448   0.662229   0.505054   0.634547   0.663150
     425      0.486142   0.661470   0.504761   0.633587   0.662963
     426      0.485252   0.660172   0.503791   0.631899   0.661880
     427      0.484467   0.658812   0.502833   0.630174   0.661342
     428      0.483417   0.656828   0.502121   0.628160   0.660405
     429      0.483465   0.656384   0.502314   0.626786   0.659830
     430      0.483043   0.655309   0.501429   0.624626   0.659642
     431      0.483014   0.653929   0.501576   0.623174   0.659611
     432      0.482831   0.653449   0.502088   0.622273   0.659326
     433      0.482759   0.652124   0.501502   0.621110   0.659462
     434      0.483433   0.651791   0.502681   0.619868   0.659972
     435      0.482939   0.651219   0.502475   0.618822   0.659934
     436      0.482866   0.649644   0.502508   0.616650   0.659669
     437      0.483089   0.649042   0.503144   0.615485   0.660248
     438      0.483652   0.648231   0.503381   0.613755   0.660914
     439      0.483484   0.647368   0.504324   0.612969   0.661127
     440      0.483882   0.646441   0.504250   0.611705   0.661355
     441      0.483458   0.645431   0.504699   0.610206   0.661528
     442      0.484027   0.645200   0.505168   0.609071   0.661494
     443      0.483961   0.644470   0.505674   0.607875   0.661730
     444      0.484401   0.643890   0.506192   0.607146   0.661982
     445      0.483625   0.642109   0.505385   0.605070   0.661110
     446      0.483844   0.641694   0.505691   0.604662   0.660900
     447      0.482829   0.640513   0.505628   0.603392   0.660257
     448      0.482603   0.640107   0.505336   0.602360   0.660250
     449      0.482284   0.639152   0.505189   0.601689   0.659634
     450      0.481627   0.637626   0.504226   0.600245   0.658929
     451      0.480765   0.636536   0.503311   0.599140   0.658086
     452      0.479531   0.634981   0.502220   0.597635   0.656345
     453      0.478511   0.634342   0.501343   0.596846   0.655060
     454      0.477498   0.632879   0.499910   0.595648   0.653184
     455      0.475930   0.631258   0.498238   0.594719   0.651627
     456      0.474445   0.630175   0.496960   0.593702   0.650718
     457      0.472672   0.628691   0.495250   0.592294   0.648190
     458      0.471145   0.626957   0.493559   0.591086   0.646211
     459      0.470283   0.625920   0.492377   0.590562   0.644818
     460      0.468496   0.624843   0.490627   0.589455   0.643140
     461      0.466816   0.622716   0.488539   0.588125   0.640645
     462      0.465101   0.621753   0.486717   0.587358   0.638744
     463      0.463585   0.620319   0.485139   0.586608   0.637032
     464      0.461889   0.618753   0.483451   0.585965   0.635190
     465      0.460834   0.617715   0.481751   0.584745   0.633326
     466      0.459050   0.616139   0.480110   0.584409   0.631779
     467      0.457749   0.615141   0.478821   0.583763   0.629277
     468      0.456785   0.613694   0.476919   0.582413   0.627291
     469      0.454680   0.612271   0.475067   0.581405   0.625624
     470      0.453721   0.611432   0.473780   0.580577   0.624238
     471      0.453108   0.610622   0.473336   0.580492   0.623391
     472      0.451528   0.609549   0.471481   0.579624   0.621614
     473      0.449634   0.608075   0.469458   0.577942   0.619971
     474      0.448570   0.606766   0.468336   0.576853   0.618296
     475      0.447905   0.605988   0.467037   0.576228   0.616808
     476      0.446096   0.604195   0.465126   0.574744   0.614975
     477      0.445385   0.603268   0.463865   0.573855   0.613662
     478      0.443444   0.601666   0.462088   0.572180   0.611721
     479      0.441860   0.599895   0.460238   0.570017   0.609811
     480      0.439927   0.597815   0.458034   0.567790   0.606959
     481      0.438693   0.596010   0.456308   0.565935   0.604998
     482      0.437640   0.595093   0.454609   0.564758   0.603179
     483      0.435658   0.593062   0.452781   0.562885   0.601033
     484      0.434072   0.591327   0.450606   0.560315   0.599044
     485      0.432569   0.589589   0.448773   0.558470   0.596693
     486      0.431274   0.588245   0.447059   0.556484   0.594378
     487      0.429701   0.586302   0.444726   0.554194   0.592636
     488      0.427963   0.583774   0.442362   0.551708   0.589460
     489      0.425824   0.582050   0.440217   0.549705   0.586996
     490      0.424107   0.579656   0.437396   0.547045   0.584370
     491      0.422577   0.578018   0.435597   0.545318   0.582065
     492      0.420390   0.575768   0.432673   0.542508   0.579168
     493      0.418545   0.573931   0.430358   0.540475   0.576192
     494      0.417105   0.571899   0.428140   0.538581   0.573948
     495      0.415235   0.569903   0.425891   0.536347   0.571378
     496      0.414124   0.568982   0.424580   0.535233   0.570116
     497      0.412207   0.567182   0.422497   0.533296   0.567321
     498      0.410543   0.564713   0.419859   0.531156   0.564338
     499      0.408554   0.562915   0.417432   0.528912   0.562031
     500      0.406085   0.560380   0.414372   0.526943   0.558526
     501      0.404679   0.558526   0.412569   0.525192   0.556458
     502      0.402587   0.556317   0.409490   0.523199   0.553780
     503      0.400933   0.554562   0.407851   0.521565   0.551557
     504      0.399743   0.553453   0.405897   0.519809   0.549491
     505      0.397433   0.550884   0.403623   0.517782   0.546613
     506      0.396438   0.549577   0.401832   0.516338   0.544733
     507      0.394868   0.547737   0.400156   0.515067   0.542907
     508      0.392325   0.545109   0.397294   0.512778   0.539927
     509      0.391626   0.544282   0.396015   0.511658   0.538329
     510      0.390041   0.542621   0.394122   0.510097   0.536390
     511      0.388669   0.540704   0.392414   0.508654   0.534393
     512      0.387556   0.539635   0.391436   0.507390   0.533162
     513      0.385752   0.537669   0.389649   0.505484   0.530924
     514      0.384543   0.536197   0.387707   0.504140   0.528951
     515      0.382941   0.533907   0.386012   0.502518   0.526797
     516      0.381948   0.532666   0.384305   0.500561   0.525161
     517      0.379886   0.530810   0.382513   0.499052   0.523469
     518      0.378946   0.528846   0.381082   0.497425   0.521517
     519      0.377238   0.527334   0.379392   0.496134   0.519919
     520      0.376194   0.525532   0.377804   0.494449   0.518146
     521      0.375193   0.524229   0.376528   0.493254   0.517084
     522      0.373600   0.521843   0.375034   0.491404   0.514556
     523      0.372597   0.520850   0.373830   0.490156   0.513636
     524      0.371355   0.518585   0.372209   0.488437   0.511341
     525      0.369606   0.516949   0.370843   0.486626   0.509768
     526      0.368359   0.515159   0.369425   0.484992   0.508647
     527      0.366638   0.513027   0.367721   0.483127   0.506639
     528      0.365806   0.511356   0.366834   0.481461   0.505192
     529      0.364414   0.508998   0.365006   0.479547   0.503272
     530      0.362961   0.507246   0.363638   0.478198   0.501781
     531      0.361969   0.505052   0.362027   0.476319   0.499872
     532      0.360466   0.503139   0.360703   0.474493   0.498356
     533      0.358804   0.500334   0.359113   0.472446   0.496561
     534      0.357525   0.498557   0.357836   0.470638   0.494859
     535      0.356634   0.496588   0.356776   0.469032   0.493524
     536      0.355883   0.495190   0.355920   0.467806   0.492798
     537      0.354105   0.492055   0.354266   0.465604   0.490699
     538      0.352660   0.489933   0.352851   0.463432   0.488657
     539      0.351935   0.487347   0.351591   0.462282   0.487376
     540      0.349724   0.484565   0.350326   0.459582   0.485618
     541      0.348866   0.482114   0.349065   0.457783   0.483879
     542      0.347009   0.478744   0.347222   0.455110   0.481714
     543      0.345719   0.476562   0.345898   0.452908   0.480598
     544      0.344166   0.472915   0.344285   0.450592   0.478181
     545      0.342012   0.469902   0.342954   0.448434   0.476384
     546      0.341118   0.466416   0.341199   0.445606   0.474456
     547      0.338598   0.463191   0.339310   0.442941   0.472027
     548      0.337687   0.460654   0.338514   0.440919   0.470605
     549      0.336042   0.457354   0.337029   0.438644   0.468800
     550      0.334506   0.453813   0.335853   0.436198   0.467341
     551      0.332857   0.450656   0.334228   0.433791   0.465174
     552      0.331025   0.447326   0.332826   0.430969   0.462999
     553      0.329225   0.443644   0.331100   0.428296   0.460911
     554      0.327374   0.439897   0.329327   0.425597   0.458576
     555      0.325658   0.436701   0.328110   0.422925   0.456685
     556      0.322867   0.432121   0.325604   0.419342   0.453526
     557      0.320771   0.427642   0.323341   0.416063   0.451028
     558      0.319545   0.424205   0.322157   0.413791   0.449060
     559      0.317908   0.420977   0.320919   0.411286   0.447606
     560      0.316439   0.417100   0.319631   0.409161   0.445318
     561      0.314390   0.413105   0.317594   0.406019   0.442563
     562      0.312419   0.409126   0.315670   0.403241   0.440394
     563      0.310404   0.405962   0.314238   0.400679   0.438036
     564      0.308697   0.401766   0.312610   0.398032   0.436193
     565      0.306500   0.398070   0.310773   0.395082   0.433284
     566      0.305250   0.394160   0.309505   0.392796   0.431515
     567      0.302767   0.389675   0.307362   0.389689   0.428367
     568      0.301146   0.386326   0.305955   0.387623   0.426692
     569      0.299004   0.382237   0.303702   0.384418   0.423951
     570      0.298038   0.378913   0.302163   0.381920   0.422535
     571      0.295775   0.374781   0.300362   0.379076   0.420057
     572      0.294108   0.371116   0.298720   0.376430   0.418022
     573      0.292499   0.367778   0.297614   0.374514   0.416136
     574      0.290764   0.363534   0.295690   0.371702   0.413267
     575      0.289203   0.360550   0.294339   0.369078   0.411406
     576      0.287982   0.357925   0.293268   0.367593   0.410086
     577      0.285653   0.353648   0.291443   0.364553   0.407046
     578      0.283858   0.349878   0.289441   0.361989   0.404964
     579      0.282636   0.347026   0.288516   0.359876   0.403174
     580      0.280319   0.342783   0.286661   0.356958   0.400778
     581      0.278462   0.339349   0.284770   0.354289   0.398513
     582      0.277046   0.335767   0.283149   0.351915   0.396269
     583      0.275583   0.332859   0.281827   0.349742   0.394327
     584      0.273661   0.329195   0.279937   0.347488   0.392180
     585      0.272274   0.326119   0.278969   0.345068   0.390160
     586      0.271337   0.323748   0.278011   0.343658   0.388894
     587      0.269723   0.320531   0.276146   0.340988   0.386529
     588      0.268510   0.317907   0.275234   0.338956   0.384644
     589      0.267657   0.315894   0.274345   0.337838   0.383609
     590      0.265822   0.312437   0.272787   0.335235   0.381155
     591      0.264608   0.309936   0.271776   0.333189   0.379906
     592      0.263451   0.307582   0.270553   0.331541   0.378191
     593      0.262371   0.305168   0.269253   0.330001   0.376878
     594      0.261103   0.303262   0.268239   0.328224   0.375283
     595      0.259858   0.300576   0.266866   0.325774   0.373278
     596      0.258628   0.298171   0.265745   0.324429   0.371812
     597      0.258612   0.296877   0.265455   0.323545   0.371398
     598      0.257321   0.294742   0.264253   0.321937   0.369894
     599      0.256639   0.293281   0.263484   0.320309   0.368703
     600      0.255698   0.291589   0.262691   0.319438   0.367667
     601      0.254877   0.289864   0.261892   0.318095   0.366594
     602      0.254221   0.288254   0.261431   0.316875   0.365464
     603      0.253855   0.286931   0.260812   0.315781   0.364464
     604      0.252830   0.285243   0.259762   0.314744   0.363202
     605      0.252143   0.283833   0.259017   0.313299   0.362547
     606      0.251458   0.282566   0.258690   0.312447   0.361282
     607      0.250840   0.281369   0.257592   0.311041   0.360520
     608      0.250450   0.280240   0.257431   0.310470   0.359731
     609      0.248913   0.278304   0.256134   0.308697   0.358308
     610      0.247722   0.276593   0.254714   0.307121   0.356687
     611      0.248100   0.275831   0.254949   0.306914   0.356568
     612      0.247352   0.274431   0.254046   0.305714   0.355412
     613      0.246740   0.273452   0.253184   0.304502   0.354806
     614      0.245993   0.272369   0.252731   0.303535   0.353805
     615      0.246315   0.271933   0.252729   0.303329   0.353864
     616      0.245286   0.270661   0.251945   0.302511   0.352531
     617      0.245430   0.270453   0.251721   0.301735   0.352426
     618      0.244670   0.269219   0.251091   0.300457   0.351734
     619      0.244159   0.267749   0.250152   0.299608   0.350504
     620      0.243347   0.266915   0.249864   0.298492   0.349715
     621      0.242928   0.266126   0.249084   0.298038   0.348865
     622      0.242325   0.265249   0.248747   0.297288   0.348676
     623      0.241927   0.264355   0.248210   0.296281   0.347335
     624      0.241717   0.263435   0.247548   0.295477   0.346593
     625      0.241097   0.262879   0.247105   0.295228   0.346320
     626      0.241011   0.262219   0.246773   0.294338   0.345459
     627      0.240459   0.261278   0.246295   0.293624   0.344942
     628      0.240187   0.260350   0.245771   0.292583   0.344210
     629      0.239618   0.259936   0.245315   0.292091   0.343776
     630      0.239297   0.259210   0.244999   0.291289   0.342636
     631      0.238721   0.258300   0.244061   0.290314   0.342124
     632      0.238477   0.257818   0.243978   0.290050   0.341710
     633      0.237767   0.257068   0.243500   0.289071   0.340878
     634      0.237644   0.256419   0.242908   0.288613   0.340230
     635      0.236692   0.255331   0.241992   0.286988   0.338979
     636      0.236620   0.255238   0.241763   0.286788   0.338705
     637      0.236599   0.254166   0.241593   0.286017   0.338368
     638      0.236213   0.253905   0.240928   0.285594   0.338017
     639      0.235436   0.253188   0.240233   0.284644   0.337186
     640      0.235287   0.252637   0.240097   0.284146   0.336300
     641      0.236024   0.253155   0.240672   0.284460   0.336738
     642      0.234900   0.251720   0.239591   0.283448   0.335614
     643      0.234689   0.251372   0.239720   0.282665   0.335325
     644      0.234496   0.250971   0.238922   0.281842   0.334870
     645      0.234265   0.250290   0.238346   0.281397   0.334245
     646      0.233926   0.249682   0.238516   0.280944   0.333561
     647      0.233123   0.248773   0.237701   0.280038   0.332691
     648      0.233181   0.248511   0.237234   0.279480   0.332561
     649      0.232464   0.247567   0.236539   0.278609   0.331405
     650      0.232620   0.247569   0.236613   0.278470   0.331643
     651      0.232080   0.246756   0.235840   0.277616   0.330598
     652      0.231529   0.246009   0.235293   0.276695   0.329850
     653      0.231604   0.245912   0.235448   0.276459   0.329604
     654      0.230908   0.244645   0.234687   0.275449   0.328864
     655      0.230437   0.244326   0.234308   0.274928   0.328024
     656      0.230375   0.244016   0.234135   0.274558   0.327857
     657      0.230152   0.243518   0.233676   0.274059   0.327145
     658      0.229626   0.242982   0.232940   0.272854   0.326398
     659      0.229637   0.242697   0.233473   0.273002   0.326235
     660      0.229236   0.241975   0.232404   0.272041   0.325166
     661      0.228192   0.240748   0.231468   0.270703   0.324342
     662      0.228341   0.240527   0.231412   0.270663   0.323923
     663      0.227995   0.240444   0.231016   0.269729   0.323590
     664      0.227856   0.239736   0.230583   0.269152   0.322943
     665      0.227899   0.239311   0.230372   0.268498   0.322703
     666      0.226779   0.238378   0.229664   0.267642   0.321558
     667      0.226716   0.237998   0.229716   0.267334   0.321327
     668      0.225981   0.237056   0.228540   0.266265   0.320251
     669      0.226262   0.237051   0.228640   0.266183   0.320158
     670      0.226258   0.236715   0.228623   0.265705   0.319818
     671      0.225973   0.236287   0.228809   0.264976   0.319125
     672      0.224903   0.234953   0.227825   0.263779   0.318014
     673      0.224876   0.234572   0.227525   0.262883   0.317342
     674      0.224395   0.234215   0.227119   0.262634   0.316683
     675      0.224169   0.233375   0.226457   0.261584   0.316044
     676      0.223467   0.232485   0.225654   0.260774   0.315406
     677      0.223953   0.233016   0.226330   0.260779   0.315727
     678      0.223459   0.232368   0.225503   0.260308   0.314498
     679      0.223301   0.231685   0.225321   0.259720   0.313894
     680      0.223260   0.231750   0.225290   0.259569   0.313946
     681      0.222943   0.230934   0.225065   0.258618   0.313435
     682      0.222324   0.230250   0.224328   0.257910   0.312563
     683      0.222050   0.229686   0.223796   0.257246   0.311716
     684      0.221756   0.229246   0.223294   0.256873   0.311715
     685      0.221622   0.229326   0.223156   0.256721   0.311215
     686      0.220810   0.228230   0.222854   0.255199   0.310375
     687      0.220961   0.228160   0.222660   0.255130   0.310189
     688      0.220420   0.227693   0.222181   0.254235   0.309188
     689      0.220669   0.227263   0.222130   0.254328   0.309173
     690      0.220275   0.226789   0.221974   0.253969   0.308944
     691      0.219900   0.226578   0.221206   0.252989   0.308394
     692      0.219248   0.225655   0.220707   0.252247   0.307794
     693      0.219015   0.224901   0.220476   0.251902   0.307217
     694      0.218484   0.224797   0.220075   0.251340   0.306430
     695      0.218823   0.224547   0.220321   0.251217   0.306345
     696      0.219064   0.224353   0.220129   0.250836   0.306348
     697      0.218460   0.223691   0.219539   0.250044   0.305485
     698      0.218584   0.223570   0.219665   0.249739   0.305562
     699      0.217982   0.223218   0.219095   0.248866   0.304680
     700      0.217926   0.222413   0.218680   0.248425   0.303951
     701      0.217437   0.221711   0.218363   0.247696   0.303701
     702      0.217304   0.221713   0.218431   0.247038   0.303429
     703      0.217033   0.221136   0.218191   0.247000   0.302572
     704      0.216439   0.220194   0.216996   0.245541   0.301723
     705      0.216597   0.220422   0.217275   0.245394   0.301602
     706      0.215508   0.219225   0.216283   0.244350   0.300922
     707      0.215210   0.218544   0.215742   0.243986   0.300338
     708      0.215406   0.218401   0.215864   0.243872   0.299828
     709      0.214853   0.218047   0.215227   0.243116   0.299545
     710      0.214531   0.217257   0.214801   0.242241   0.298721
     711      0.214788   0.217337   0.215070   0.242395   0.298642
     712      0.214470   0.216418   0.214769   0.241684   0.298308
     713      0.214576   0.217076   0.214801   0.241911   0.298376
     714      0.213902   0.216199   0.214435   0.241045   0.297606
     715      0.213640   0.215495   0.213635   0.240129   0.296928
     716      0.213307   0.214985   0.213116   0.239737   0.296005
     717      0.212850   0.214785   0.213397   0.239878   0.295694
     718      0.212295   0.213939   0.212684   0.238408   0.295081
     719      0.212524   0.214100   0.212749   0.238484   0.294917
     720      0.212339   0.214234   0.212808   0.238444   0.295047
     721      0.212478   0.213839   0.212516   0.238165   0.294190
     722      0.212547   0.214229   0.212588   0.238427   0.294769
     723      0.212307   0.213666   0.212151   0.237451   0.294042
     724      0.211951   0.213150   0.211741   0.236878   0.293370
     725      0.211866   0.212947   0.212204   0.236835   0.293444
     726      0.211749   0.212539   0.211555   0.236101   0.292782
     727      0.211631   0.212679   0.211866   0.236348   0.292998
     728      0.211243   0.212079   0.211496   0.235313   0.292514
     729      0.211315   0.211894   0.211522   0.235406   0.292566
     730      0.211479   0.212147   0.211516   0.235055   0.292404
     731      0.211079   0.211444   0.210944   0.234656   0.291730
     732      0.210308   0.210566   0.210400   0.233677   0.290704
     733      0.210349   0.210225   0.210059   0.233413   0.290572
     734      0.211101   0.211100   0.211026   0.234142   0.291307
     735      0.210633   0.210235   0.210489   0.233429   0.290221
     736      0.210287   0.209975   0.210120   0.233506   0.290430
     737      0.210546   0.210171   0.210453   0.233024   0.290193
     738      0.210047   0.209617   0.209543   0.232372   0.289575
     739      0.210108   0.209809   0.210120   0.232427   0.289522
     740      0.210152   0.209591   0.209851   0.232447   0.289293
     741      0.209749   0.208978   0.209059   0.231778   0.288639
     742      0.209978   0.208898   0.209238   0.231717   0.288938
     743      0.209480   0.208423   0.208789   0.231318   0.288247
     744      0.209789   0.208558   0.208879   0.231244   0.288214
     745      0.209470   0.208391   0.208911   0.231246   0.288312
     746      0.208885   0.207808   0.208404   0.230513   0.287354
     747      0.208860   0.207784   0.208558   0.230516   0.287319
     748      0.209128   0.207853   0.208199   0.230581   0.287879
     749      0.208892   0.207968   0.208572   0.230098   0.287447
     750      0.208753   0.207199   0.207978   0.229375   0.287198
     751      0.208725   0.207281   0.208198   0.229715   0.287082
     752      0.208518   0.206628   0.208071   0.229024   0.286509
     753      0.208938   0.206848   0.207996   0.229390   0.286767
     754      0.208847   0.206940   0.208381   0.229345   0.286331
     755      0.209157   0.206840   0.208099   0.229272   0.286470
     756      0.208309   0.206148   0.207645   0.228810   0.285937
     757      0.209095   0.206655   0.208203   0.229434   0.286170
     758      0.208576   0.206502   0.207547   0.228872   0.286216
     759      0.208940   0.206470   0.208154   0.228910   0.286158
     760      0.208087   0.205930   0.207373   0.228547   0.285517
     761      0.208799   0.206008   0.207959   0.228778   0.285931
     762      0.208468   0.206425   0.207378   0.228728   0.285757
     763      0.208490   0.205774   0.207368   0.228360   0.285420
     764      0.208422   0.205951   0.207239   0.228329   0.285184
     765      0.208475   0.206042   0.207286   0.228138   0.285522
     766      0.207951   0.205431   0.206920   0.227848   0.284806
     767      0.208555   0.205661   0.207195   0.228136   0.285270
     768      0.208481   0.205700   0.207119   0.228184   0.284961
     769      0.208249   0.205538   0.207232   0.227824   0.285045
     770      0.207951   0.205131   0.207057   0.227534   0.284157
     771      0.207924   0.204876   0.206403   0.227508   0.284563
     772      0.208180   0.205045   0.207016   0.227985   0.284616
     773      0.207956   0.204820   0.206769   0.227221   0.284459
     774      0.208461   0.205293   0.206982   0.228074   0.284699
     775      0.208125   0.204888   0.206643   0.227821   0.284575
     776      0.207479   0.204497   0.206456   0.227388   0.283800
     777      0.207906   0.204877   0.206714   0.227696   0.284404
     778      0.207820   0.204675   0.206456   0.227452   0.283949
     779      0.207906   0.204691   0.206396   0.227810   0.284328
     780      0.208234   0.204076   0.206497   0.227863   0.283895
     781      0.208430   0.204378   0.206472   0.227949   0.283778
     782      0.207851   0.203766   0.206491   0.227748   0.283818
     783      0.208470   0.204262   0.206748   0.228001   0.284262
     784      0.208190   0.204221   0.206518   0.227891   0.283609
     785      0.208418   0.204406   0.206924   0.228309   0.283875
     786      0.208249   0.204716   0.206522   0.228379   0.283827
     787      0.208281   0.204489   0.206710   0.227701   0.283678
     788      0.208985   0.204466   0.207032   0.227860   0.284087
     789      0.208943   0.204875   0.207056   0.228242   0.284381
     790      0.208553   0.204570   0.206825   0.228319   0.284023
     791      0.209021   0.204333   0.206789   0.228368   0.284160
     792      0.208541   0.204368   0.206748   0.228235   0.284154
     793      0.209041   0.204629   0.206919   0.228818   0.284248
     794      0.208794   0.204407   0.206797   0.228316   0.284260
     795      0.208405   0.204194   0.206489   0.228086   0.284335
     796      0.208534   0.204117   0.206362   0.228474   0.283940
     797      0.208729   0.204046   0.206117   0.228119   0.284121
     798      0.208004   0.203967   0.206386   0.227900   0.283715
     799      0.208264   0.203596   0.206351   0.227984   0.283554
     800      0.208676   0.204130   0.206699   0.228484   0.284056
     801      0.208479   0.203570   0.206415   0.228349   0.284000
     802      0.208253   0.203696   0.206403   0.228178   0.283836
     803      0.208669   0.203539   0.206555   0.228434   0.283774
     804      0.208574   0.203678   0.206491   0.228511   0.283554
     805      0.209206   0.204158   0.207141   0.228873   0.284265
     806      0.208608   0.203688   0.206521   0.228554   0.284134
     807      0.208979   0.204050   0.206544   0.229069   0.283880
     808      0.209054   0.203540   0.206600   0.228906   0.283871
     809      0.208582   0.203392   0.206513   0.228520   0.283527
     810      0.208905   0.203854   0.206649   0.229470   0.284214
     811      0.208778   0.203758   0.206703   0.229105   0.283642
     812      0.208243   0.203156   0.206344   0.228861   0.283472
     813      0.209192   0.203770   0.207005   0.229491   0.284325
     814      0.209152   0.203930   0.207149   0.229787   0.284524
     815      0.209050   0.203588   0.206922   0.229570   0.284466
     816      0.209014   0.203515   0.206536   0.229168   0.283897
     817      0.209761   0.204035   0.207159   0.230064   0.284654
     818      0.208737   0.203232   0.206811   0.229471   0.283926
     819      0.209176   0.203579   0.206673   0.229797   0.284493
     820      0.208720   0.203576   0.206858   0.229920   0.284052
     821      0.208721   0.202830   0.206339   0.229579   0.283929
     822      0.209169   0.203177   0.206962   0.230334   0.284151
     823      0.209556   0.203519   0.206653   0.230435   0.284495
     824      0.210123   0.203974   0.207431   0.230917   0.285215
     825      0.209454   0.203186   0.207001   0.230536   0.284714
     826      0.210049   0.203762   0.207187   0.230811   0.285227
     827      0.209268   0.202627   0.206274   0.230166   0.284036
     828      0.209477   0.203160   0.206919   0.230588   0.284443
     829      0.209194   0.202644   0.206307   0.230145   0.283875
     830      0.209116   0.202446   0.206246   0.230147   0.283772
     831      0.209720   0.202478   0.206590   0.230666   0.284179
     832      0.209535   0.202780   0.206944   0.231200   0.284625
     833      0.209243   0.202308   0.206566   0.230723   0.284214
     834      0.210006   0.202899   0.207215   0.231604   0.285068
     835      0.209257   0.202917   0.206549   0.230920   0.284039
     836      0.208924   0.201827   0.205866   0.230326   0.283416
     837      0.209400   0.201869   0.206146   0.230575   0.283541
     838      0.208842   0.202024   0.205809   0.230671   0.284012
     839      0.209495   0.202000   0.206192   0.231045   0.284310
     840      0.209604   0.202173   0.206613   0.230840   0.284225
     841      0.209157   0.201831   0.205816   0.231144   0.283821
     842      0.209114   0.201908   0.206268   0.230981   0.283751
     843      0.209238   0.201715   0.206382   0.231017   0.283941
     844      0.209298   0.201879   0.206116   0.230814   0.283754
     845      0.209288   0.202149   0.206211   0.230934   0.283721
     846      0.208828   0.201892   0.206234   0.231175   0.283387
     847      0.208625   0.201919   0.205857   0.230974   0.283526
     848      0.208405   0.201404   0.206009   0.230834   0.283448
     849      0.209276   0.201756   0.205919   0.230500   0.283449
     850      0.208290   0.201148   0.205287   0.230190   0.282497
     851      0.209046   0.201994   0.206198   0.231411   0.283811
     852      0.208355   0.201128   0.205605   0.231029   0.282609
     853      0.208207   0.200642   0.204937   0.230056   0.282414
     854      0.207761   0.200908   0.204961   0.229395   0.281998
     855      0.208290   0.201058   0.205220   0.229912   0.282205
     856      0.207535   0.200926   0.205530   0.230440   0.282653
     857      0.207011   0.200229   0.204530   0.229285   0.281341
     858      0.206881   0.200176   0.204102   0.229322   0.280887
     859      0.207503   0.200315   0.204855   0.229437   0.281783
     860      0.206914   0.200232   0.204737   0.229913   0.281463
     861      0.207246   0.199948   0.204444   0.228959   0.280954
     862      0.206893   0.199936   0.204497   0.229199   0.281053
     863      0.207113   0.200029   0.205168   0.229948   0.281163
     864      0.207127   0.200926   0.205264   0.230199   0.280884
     865      0.205965   0.199636   0.203763   0.228309   0.280349
     866      0.205200   0.199530   0.203512   0.228016   0.279400
     867      0.207272   0.199688   0.204765   0.229050   0.281342
     868      0.206837   0.199854   0.203876   0.228081   0.280507
     869      0.205757   0.198573   0.203008   0.227558   0.278997
     870      0.206299   0.200629   0.204441   0.228329   0.280697
     871      0.205351   0.199706   0.203991   0.227723   0.280234
     872      0.204909   0.198217   0.203424   0.228062   0.279553
     873      0.205749   0.198647   0.203660   0.227657   0.279523
     874      0.206356   0.199430   0.203369   0.228842   0.279989
     875      0.206518   0.199262   0.204493   0.229293   0.280396
     876      0.204746   0.199080   0.202490   0.227010   0.277802
     877      0.202923   0.197600   0.201288   0.226708   0.277545
     878      0.204631   0.200155   0.204585   0.228232   0.281086
     879      0.205475   0.201462   0.204388   0.228478   0.280452
     880      0.205279   0.199257   0.203813   0.227840   0.278628
     881      0.203551   0.199599   0.201587   0.226765   0.276611
     882      0.201868   0.195848   0.200953   0.224790   0.276938
     883      0.205003   0.199291   0.205133   0.226014   0.279038
     884      0.201841   0.198414   0.203751   0.224946   0.276409
     885      0.207637   0.199514   0.205353   0.228145   0.279944
     886      0.207133   0.201703   0.204921   0.228302   0.280859
     887      0.199974   0.197122   0.200528   0.222416   0.276126
     888      0.204927   0.197810   0.203742   0.224288   0.276148
     889      0.206947   0.199967   0.204591   0.230265   0.278540
     890      0.206049   0.196651   0.202029   0.226309   0.275981
     891      0.205310   0.199477   0.201736   0.226557   0.276127
     892      0.207350   0.201345   0.204482   0.226626   0.276322
     893      0.202304   0.198447   0.203956   0.226801   0.277122
     894      0.206690   0.201282   0.203206   0.230068   0.283182
     895      0.202521   0.196209   0.202049   0.226033   0.278354
     896      0.208505   0.200550   0.205227   0.227324   0.282205
     897      0.205201   0.195592   0.200038   0.223072   0.276172
     898      0.204992   0.197343   0.207080   0.227297   0.279111
     899      0.206517   0.197600   0.204694   0.229941   0.281921
     900      0.200235   0.198335   0.205844   0.221452   0.273964
