x             y                   l
0.1755602318  0.0052938370        360
0.1754825277  0.0052863391        361
0.1754000224  0.0052786420        362
0.1753170495  0.0052709688        363
0.1752367395  0.0052634939        364
0.1751612185  0.0052563459        365
0.1750877942  0.0052468445        366
0.1750149389  0.0052355703        367
0.1749451894  0.0052261569        368
0.1748801248  0.0052207849        369
0.1748206077  0.0052206009        370
0.1747702522  0.0052286672        371
0.1747220367  0.0052375202        372
0.1746653680  0.0052361607        373
0.1745950503  0.0052183223        374
0.1745097209  0.0051816398        375
0.1744092494  0.0051267609        376
0.1743084582  0.0050675925        377
0.1742217721  0.0050170315        378
0.1741555944  0.0049814449        379
0.1741122344  0.0049637260        380
0.1740883072  0.0049636001        381
0.1740725909  0.0049725426        382
0.1740570243  0.0049820361        383
0.1740362706  0.0049859614        384
0.1740079175  0.0049805486        385
0.1739719298  0.0049640831        386
0.1739316786  0.0049434066        387
0.1738890358  0.0049260485        388
0.1738452562  0.0049160931        389
0.1738007726  0.0049154119        390
0.1737544380  0.0049248537        391
0.1737053527  0.0049370984        392
0.1736551894  0.0049437910        393
0.1736060182  0.0049398953        394
0.1735599065  0.0049232026        395
0.1735144497  0.0048954467        396
0.1734684982  0.0048645791        397
0.1734236662  0.0048363121        398
0.1733799960  0.0048133383        399
0.1733368655  0.0047967434        400
0.1732912857  0.0047858456        401
0.1732379205  0.0047788879        402
0.1731742388  0.0047751308        403
0.1731010122  0.0047740307        404
0.1730209655  0.0047750504        405
0.1729342569  0.0047811472        406
0.1728427561  0.0047907929        407
0.1727511526  0.0047987621        408
0.1726621056  0.0048020844        409
0.1725765508  0.0047993019        410
0.1724894774  0.0047952544        411
0.1723956034  0.0047961186        412
0.1722960018  0.0048026295        413
0.1721923604  0.0048148852        414
0.1720866308  0.0048325242        415
0.1719824459  0.0048550102        416
0.1718710194  0.0048885319        417
0.1717412137  0.0049393325        418
0.1715872394  0.0050103442        419
0.1714074339  0.0051021710        420
0.1712061135  0.0052112578        421
0.1709925742  0.0053339078        422
0.1707705964  0.0054701212        423
0.1705406619  0.0056209699        424
0.1703009888  0.0057885050        425
0.1700501587  0.0059738951        426
0.1697858688  0.0061768075        427
0.1695046025  0.0063980369        428
0.1692029217  0.0066387059        429
0.1688775207  0.0069002439        430
0.1685246603  0.0071840439        431
0.1681461455  0.0074906797        432
0.1677462198  0.0078208185        433
0.1673283257  0.0081753997        434
0.1668952904  0.0085556064        435
0.1664463271  0.0089644004        436
0.1659767582  0.0094017162        437
0.1654832990  0.0098646810        438
0.1649626637  0.0103507435        439
0.1644117564  0.0108575583        440
0.1638284328  0.0113848656        441
0.1632098960  0.0119373858        442
0.1625521395  0.0125200299        443
0.1618514381  0.0131373071        444
0.1611045796  0.0137933588        445
0.1603095950  0.0144913782        446
0.1594659458  0.0152320646        447
0.1585731111  0.0160151564        448
0.1576311656  0.0168398710        449
0.1566409326  0.0177048050        450
0.1556050956  0.0186086065        451
0.1545246125  0.0195556978        452
0.1533972293  0.0205537335        453
0.1522192362  0.0216117110        454
0.1509854084  0.0227401933        455
0.1496905648  0.0239503302        456
0.1483368171  0.0252473984        457
0.1469282265  0.0266351859        458
0.1454683718  0.0281184333        459
0.1439603960  0.0297029703        460
0.1424050902  0.0313935840        461
0.1407956467  0.0332131546        462
0.1391206824  0.0352005728        463
0.1373637579  0.0374030904        464
0.1355026712  0.0398791215        465
0.1335093410  0.0426923900        466
0.1313706352  0.0458759752        467
0.1290857866  0.0494498107        468
0.1266621570  0.0534259198        469
0.1241184767  0.0578025134        470
0.1214685839  0.0625876721        471
0.1187012765  0.0678304435        472
0.1158073588  0.0735807080        473
0.1127760548  0.0798958229        474
0.1095943236  0.0868425112        475
0.1062607353  0.0944860722        476
0.1027758629  0.1028637388        477
0.0991275999  0.1120070330        478
0.0953040562  0.1219448633        479
0.0912935070  0.1327020425        480
0.0870824317  0.1443165827        481
0.0826795345  0.1568659581        482
0.0781159857  0.1704204865        483
0.0734372599  0.1850318805        484
0.0687059213  0.2007232177        485
0.0639930237  0.2174676054        486
0.0593158280  0.2352537402        487
0.0546665229  0.2540955907        488
0.0500314971  0.2740018032        489
0.0453907347  0.2949759646        490
0.0407573153  0.3169810808        491
0.0361951092  0.3398999344        492
0.0317564704  0.3635976932        493
0.0274941905  0.3879213283        494
0.0234599425  0.4127034791        495
0.0197046363  0.4377558887        496
0.0162684713  0.4629545080        497
0.0131830412  0.4882070684        498
0.0104757007  0.5134042452        499
0.0081680280  0.5384230705        500
0.0062848516  0.5630684563        501
0.0048754300  0.5871164380        502
0.0039824254  0.6104474976        503
0.0036363842  0.6330113828        504
0.0038585209  0.6548231511        505
0.0046457132  0.6758984586        506
0.0060109131  0.6961200613        507
0.0079883958  0.7153415163        508
0.0106032906  0.7334129427        509
0.0138702461  0.7501864280        510
0.0177661242  0.7656121544        511
0.0222442057  0.7796299232        512
0.0272732624  0.7921035028        513
0.0328203575  0.8029256730        514
0.0388518024  0.8120160214        515
0.0453279848  0.8193908005        516
0.0521766909  0.8251635426        517
0.0593255334  0.8294257763        518
0.0667158860  0.8322737393        519
0.0743024248  0.8338030913        520
0.0820533952  0.8340903145        521
0.0899417396  0.8332889189        522
0.0979397501  0.8315926665        523
0.1060211073  0.8291781866        524
0.1141607196  0.8262069598        525
0.1223473670  0.8227703996        526
0.1305456681  0.8189278529        527
0.1387023492  0.8147743826        528
0.1467732157  0.8103946065        529
0.1547220612  0.8058635454        530
0.1625354247  0.8012384804        531
0.1702371955  0.7965185422        532
0.1778495280  0.7916865791        533
0.1853907574  0.7867277728        534
0.1928760979  0.7816292164        535
0.2003087981  0.7763994161        536
0.2076899897  0.7710547987        537
0.2150295500  0.7655950961        538
0.2223366038  0.7600199997        539
0.2296196726  0.7543290899        540
0.2368847206  0.7485244652        541
0.2441325565  0.7426139917        542
0.2513634089  0.7366055814        543
0.2585775085  0.7305066019        544
0.2657750850  0.7243239249        545
0.2729576035  0.7180621864        546
0.2801289425  0.7117247346        547
0.2872924091  0.7053162739        548
0.2944502809  0.6988420220        549
0.3016037994  0.6923077624        550
0.3087599231  0.6857120606        551
0.3159143944  0.6790634800        552
0.3230662654  0.6723673980        553
0.3302155454  0.6656280254        554
0.3373633329  0.6588482901        555
0.3445131984  0.6520282092        556
0.3516644113  0.6451721742        557
0.3588136867  0.6382873365        558
0.3659593573  0.6313790809        559
0.3731015439  0.6244508598        560
0.3802438355  0.6175021522        561
0.3873789780  0.6105418025        562
0.3945065488  0.6035713368        563
0.4016259188  0.5965924220        564
0.4087362557  0.5896068689        565
0.4158357747  0.5826179681        566
0.4229209267  0.5756306883        567
0.4299886265  0.5686488913        568
0.4370364226  0.5616757740        569
0.4440624636  0.5547139028        570
0.4510649410  0.5477660441        571
0.4580406656  0.5408366292        572
0.4649863330  0.5339300531        573
0.4718987439  0.5270505692        574
0.4787747912  0.5202023072        575
0.4856115871  0.5133886610        576
0.4924049823  0.5066149244        577
0.4991506683  0.4998873404        578
0.5058452838  0.4932111781        579
0.5124863668  0.4865907881        580
0.5190725104  0.4800286122        581
0.5256004890  0.4735273740        582
0.5320655992  0.4670913637        583
0.5384627619  0.4607252538        584
0.5447865056  0.4544341146        585
0.5510310502  0.4482245029        586
0.5571929061  0.4420991395        587
0.5632693124  0.4360580617        588
0.5692568241  0.4301019736        589
0.5751513114  0.4242322349        590
0.5809526052  0.4184468798        591
0.5866501869  0.4127584212        592
0.5922248001  0.4071895286        593
0.5976581621  0.4017619350        594
0.6029327856  0.3964966336        595
0.6080351111  0.3914091517        596
0.6129769996  0.3864861573        597
0.6177787256  0.3817057568        598
0.6224592951  0.3770472864        599
0.6270365998  0.3724911452        600
0.6315209429  0.3680260108        601
0.6358998196  0.3636654024        602
0.6401561595  0.3594277243        603
0.6442729607  0.3553313698        604
0.6482331060  0.3513949163        605
0.6520282357  0.3476279607        606
0.6556691792  0.3440182948        607
0.6591661347  0.3405532254        608
0.6625282221  0.3372209926        609
0.6657635762  0.3340106512        610
0.6688741437  0.3309185530        611
0.6718586671  0.3279470743        612
0.6747195111  0.3250951820        613
0.6774588883  0.3223620767        614
0.6800788497  0.3197472171        615
0.6825815742  0.3172487060        616
0.6849706014  0.3148628150        617
0.6872504546  0.3125859640        618
0.6894263030  0.3104140113        619
0.6915039730  0.3083422606        620
0.6934896350  0.3063656908        621
0.6953886381  0.3044785552        622
0.6972055698  0.3026750727        623
0.6989439104  0.3009504250        624
0.7006060606  0.2993006993        625
0.7021925885  0.2977245119        626
0.7037086910  0.2962171181        627
0.7051628534  0.2947702921        628
0.7065632467  0.2933761532        629
0.7079177916  0.2920271089        630
0.7092309854  0.2907186222        631
0.7105003945  0.2894529412        632
0.7117241462  0.2882321048        633
0.7129012311  0.2870573204        634
0.7140315971  0.2859288735        635
0.7151170535  0.2848451061        636
0.7161591986  0.2838044492        637
0.7171586136  0.2828064119        638
0.7181161426  0.2818502566        639
0.7190329416  0.2809349515        640
0.7199115529  0.2800580782        641
0.7207527066  0.2792189598        642
0.7215545225  0.2784195147        643
0.7223149156  0.2776618704        644
0.7230316026  0.2769483577        645
0.7237019160  0.2762818362        646
0.7243280189  0.2756600749        647
0.7249144051  0.2750781841        648
0.7254667761  0.2745299780        649
0.7259923175  0.2740076825        650
0.7264947267  0.2735052733        651
0.7269749705  0.2730250295        652
0.7274318380  0.2725681620        653
0.7278643108  0.2721356892        654
0.7282717283  0.2717282717        655
0.7286564871  0.2713435129        656
0.7290200303  0.2709799697        657
0.7293609507  0.2706390493        658
0.7296777832  0.2703222168        659
0.7299690128  0.2700309872        660
0.7302339491  0.2697660509        661
0.7304741653  0.2695258347        662
0.7306933067  0.2693066933        663
0.7308962522  0.2691037478        664
0.7310893956  0.2689106044        665
0.7312796359  0.2687203641        666
0.7314670509  0.2685329491        667
0.7316499709  0.2683500291        668
0.7318263335  0.2681736665        669
0.7319932998  0.2680067002        670
0.7321504222  0.2678495778        671
0.7322998311  0.2677001689        672
0.7324428229  0.2675571771        673
0.7325814936  0.2674185064        674
0.7327188940  0.2672811060        675
0.7328586473  0.2671413527        676
0.7330002053  0.2669997947        677
0.7331416711  0.2668583289        678
0.7332811789  0.2667188211        679
0.7334169672  0.2665830328        680
0.7335505858  0.2664494142        681
0.7336832964  0.2663167036        682
0.7338127167  0.2661872833        683
0.7339356903  0.2660643097        684
0.7340473003  0.2659526997        685
0.7341425569  0.2658574431        686
0.7342214703  0.2657785297        687
0.7342864464  0.2657135536        688
0.7343409200  0.2656590800        689
0.7343901650  0.2656098350        690
0.7344377127  0.2655622873        691
0.7344821704  0.2655178296        692
0.7345229306  0.2654770694        693
0.7345595184  0.2654404816        694
0.7345916616  0.2654083384        695
0.7346210947  0.2653789053        696
0.7346488968  0.2653511032        697
0.7346733780  0.2653266220        698
0.7346900454  0.2653099546        699
0.7346900233  0.2653099767        700
0.7346899871  0.2653100129        701
0.7346900065  0.2653099935        702
0.7346900066  0.2653099934        703
0.7346899973  0.2653100027        704
0.7346900103  0.2653099897        705
0.7346900018  0.2653099982        706
0.7346899899  0.2653100101        707
0.7346899975  0.2653100025        708
0.7346900150  0.2653099850        709
0.7346899882  0.2653100118        710
0.7346900140  0.2653099860        711
0.7346900168  0.2653099832        712
0.7346899873  0.2653100127        713
0.7346899925  0.2653100075        714
0.7346900137  0.2653099863        715
0.7346900176  0.2653099824        716
0.7346900031  0.2653099969        717
0.7346899834  0.2653100166        718
0.7346899761  0.2653100239        719
0.7346900041  0.2653099959        720
0.7346899877  0.2653100123        721
0.7346899744  0.2653100256        722
0.7346899848  0.2653100152        723
0.7346899568  0.2653100432        724
0.7346899996  0.2653100004        725
0.7346899764  0.2653100236        726
0.7346899554  0.2653100446        727
0.7346900300  0.2653099700        728
0.7346899780  0.2653100220        729
0.7346899520  0.2653100480        730
0.7346900330  0.2653099670        731
0.7346899579  0.2653100421        732
0.7346899404  0.2653100596        733
0.7346900833  0.2653099167        734
0.7346899925  0.2653100075        735
0.7346899933  0.2653100067        736
0.7346900041  0.2653099959        737
0.7346899885  0.2653100115        738
0.7346899970  0.2653100030        739
0.7346900057  0.2653099943        740
0.7346900011  0.2653099989        741
0.7346899860  0.2653100140        742
0.7346900032  0.2653099968        743
0.7346899860  0.2653100140        744
0.7346900002  0.2653099998        745
0.7346899873  0.2653100127        746
0.7346900044  0.2653099956        747
0.7346899861  0.2653100139        748
0.7346900224  0.2653099776        749
0.7346900107  0.2653099893        750
0.7346899955  0.2653100045        751
0.7346900316  0.2653099684        752
0.7346900170  0.2653099830        753
0.7346900202  0.2653099798        754
0.7346900018  0.2653099982        755
0.7346899699  0.2653100301        756
0.7346900215  0.2653099785        757
0.7346899885  0.2653100115        758
0.7346900109  0.2653099891        759
0.7346899520  0.2653100480        760
0.7346899585  0.2653100415        761
0.7346900519  0.2653099481        762
0.7346899877  0.2653100123        763
0.7346899555  0.2653100445        764
0.7346899188  0.2653100812        765
0.7346900536  0.2653099464        766
0.7346900904  0.2653099096        767
0.7346900063  0.2653099937        768
0.7346899937  0.2653100063        769
0.7346899990  0.2653100010        770
0.7346900030  0.2653099970        771
0.7346900127  0.2653099873        772
0.7346899879  0.2653100121        773
0.7346900081  0.2653099919        774
0.7346899852  0.2653100148        775
0.7346900012  0.2653099988        776
0.7346899868  0.2653100132        777
0.7346900094  0.2653099906        778
0.7346899914  0.2653100086        779
0.7346899837  0.2653100163        780
0.7346900220  0.2653099780        781
0.7346899738  0.2653100262        782
0.7346900006  0.2653099994        783
0.7346900034  0.2653099966        784
0.7346899852  0.2653100148        785
0.7346899987  0.2653100013        786
0.7346899688  0.2653100312        787
0.7346900009  0.2653099991        788
0.7346900322  0.2653099678        789
0.7346899540  0.2653100460        790
0.7346899627  0.2653100373        791
0.7346900220  0.2653099780        792
0.7346899980  0.2653100020        793
0.7346900217  0.2653099783        794
0.7346899746  0.2653100254        795
0.7346900711  0.2653099289        796
0.7346900386  0.2653099614        797
0.7346900723  0.2653099277        798
0.7346899459  0.2653100541        799
0.7346899880  0.2653100120        800
0.7346900035  0.2653099965        801
0.7346900080  0.2653099920        802
0.7346900048  0.2653099952        803
0.7346899926  0.2653100074        804
0.7346899908  0.2653100092        805
0.7346899913  0.2653100087        806
0.7346900147  0.2653099853        807
0.7346899929  0.2653100071        808
0.7346899911  0.2653100089        809
0.7346899978  0.2653100022        810
0.7346900133  0.2653099867        811
0.7346900106  0.2653099894        812
0.7346900170  0.2653099830        813
0.7346899903  0.2653100097        814
0.7346900095  0.2653099905        815
0.7346899755  0.2653100245        816
0.7346899713  0.2653100287        817
0.7346899975  0.2653100025        818
0.7346900217  0.2653099783        819
0.7346899843  0.2653100157        820
0.7346899961  0.2653100039        821
0.7346899917  0.2653100083        822
0.7346900013  0.2653099987        823
0.7346900078  0.2653099922        824
0.7346899698  0.2653100302        825
0.7346900119  0.2653099881        826
0.7346899971  0.2653100029        827
0.7346900443  0.2653099557        828
0.7346900587  0.2653099413        829
0.7346899588  0.2653100412        830